0	1	0	1	0
0.0314159	1	-0.0314159	0.999014	-0.031385
0.0628319	0.999013	-0.0628319	0.997044	-0.062708
0.0942478	0.997039	-0.0942168	0.994093	-0.0939384
0.125664	0.994079	-0.12554	0.990164	-0.125045
0.15708	0.990135	-0.15677	0.985264	-0.155998
0.188496	0.98521	-0.187876	0.979396	-0.186767
0.219911	0.979308	-0.218827	0.972569	-0.217321
0.251327	0.972433	-0.249593	0.964789	-0.247631
0.282743	0.964592	-0.280143	0.956066	-0.277666
0.314159	0.955791	-0.310446	0.946409	-0.307399
0.345575	0.946038	-0.340473	0.935828	-0.336799
0.376991	0.935342	-0.370194	0.924335	-0.365838
0.408407	0.923712	-0.399579	0.911942	-0.394487
0.439823	0.911159	-0.428598	0.898662	-0.422719
0.471239	0.897694	-0.457223	0.884509	-0.450507
0.502655	0.88333	-0.485425	0.869497	-0.477823
0.534071	0.86808	-0.513175	0.853643	-0.504641
0.565487	0.851958	-0.540447	0.836964	-0.530935
0.596903	0.834979	-0.567212	0.819475	-0.55668
0.628319	0.81716	-0.593443	0.801196	-0.58185
0.659734	0.798516	-0.619115	0.782144	-0.606422
0.69115	0.779066	-0.644201	0.762341	-0.630371
0.722566	0.758828	-0.668677	0.741805	-0.653676
0.753982	0.737821	-0.692516	0.720558	-0.676313
0.785398	0.716065	-0.715695	0.698621	-0.698261
0.816814	0.693581	-0.738191	0.676018	-0.719498
0.84823	0.67039	-0.75998	0.65277	-0.740006
0.879646	0.646514	-0.781041	0.628901	-0.759763
0.911062	0.621977	-0.801352	0.604436	-0.778752
0.942478	0.596802	-0.820892	0.579399	-0.796955
0.973894	0.571013	-0.839641	0.553815	-0.814353
1.00531	0.544635	-0.85758	0.527711	-0.830932
1.03673	0.517693	-0.87469	0.501112	-0.846675
1.06814	0.490214	-0.890954	0.474045	-0.861567
1.09956	0.462224	-0.906355	0.446537	-0.875595
1.13097	0.43375	-0.920876	0.418616	-0.888747
1.16239	0.404819	-0.934503	0.39031	-0.901009
1.19381	0.375461	-0.94722	0.361647	-0.91237
1.22522	0.345703	-0.959016	0.332656	-0.922821
1.25664	0.315575	-0.969876	0.303365	-0.932351
1.28805	0.285105	-0.97979	0.273804	-0.940953
1.31947	0.254324	-0.988747	0.244003	-0.948619
1.35088	0.223262	-0.996737	0.21399	-0.955341
1.3823	0.191949	-1.00375	0.183795	-0.961115
1.41372	0.160415	-1.00978	0.15345	-0.965936
1.44513	0.128692	-1.01482	0.122982	-0.9698
1.47655	0.0968101	-1.01886	0.092424	-0.972703
1.50796	0.0648015	-1.02191	0.0618046	-0.974645
1.53938	0.0326974	-1.02394	0.0311545	-0.975624
1.5708	0.000529361	-1.02497	0.000503884	-0.97564
1.60221	-0.031671	-1.02498	-0.030117	-0.974693
1.63363	-0.0638718	-1.02399	-0.060678	-0.972787
1.66504	-0.0960414	-1.02198	-0.0911491	-0.969924
1.69646	-0.128148	-1.01897	-0.1215	-0.966107
1.72788	-0.16016	-1.01494	-0.151702	-0.961341
1.75929	-0.192045	-1.00991	-0.181724	-0.955632
1.79071	-0.223772	-1.00388	-0.211537	-0.948986
1.82212	-0.25531	-0.996845	-0.241112	-0.941411
1.85354	-0.286627	-0.988825	-0.270421	-0.932916
1.88496	-0.317692	-0.97982	-0.299434	-0.923509
1.91637	-0.348474	-0.969839	-0.328123	-0.913201
1.94779	-0.378942	-0.958892	-0.35646	-0.902002
1.9792	-0.409066	-0.946987	-0.384418	-0.889925
2.01062	-0.438817	-0.934136	-0.411969	-0.876983
2.04204	-0.468164	-0.92035	-0.439087	-0.863189
2.07345	-0.497077	-0.905642	-0.465745	-0.848557
2.10487	-0.525529	-0.890026	-0.491918	-0.833103
2.13628	-0.55349	-0.873516	-0.51758	-0.816842
2.1677	-0.580932	-0.856128	-0.542706	-0.799793
2.19911	-0.607828	-0.837877	-0.567272	-0.781971
2.23053	-0.634151	-0.818782	-0.591255	-0.763397
2.26195	-0.659874	-0.798859	-0.614631	-0.744087
2.29336	-0.684971	-0.778129	-0.637378	-0.724064
2.32478	-0.709416	-0.75661	-0.659475	-0.703346
2.35619	-0.733186	-0.734323	-0.680899	-0.681955
2.38761	-0.756255	-0.711289	-0.701631	-0.659912
2.41903	-0.778601	-0.687531	-0.72165	-0.637241
2.45044	-0.8002	-0.66307	-0.740938	-0.613964
2.48186	-0.821031	-0.637931	-0.759477	-0.590104
2.51327	-0.841073	-0.612138	-0.777248	-0.565686
2.54469	-0.860303	-0.585714	-0.794236	-0.540734
2.57611	-0.878704	-0.558687	-0.810424	-0.515274
2.60752	-0.896256	-0.531082	-0.825797	-0.489331
2.63894	-0.91294	-0.502925	-0.84034	-0.462931
2.67035	-0.92874	-0.474244	-0.854041	-0.4361
2.70177	-0.943639	-0.445067	-0.866886	-0.408866
2.73319	-0.957621	-0.415422	-0.878863	-0.381256
2.7646	-0.970672	-0.385337	-0.889962	-0.353297
2.79602	-0.982778	-0.354843	-0.900173	-0.325017
2.82743	-0.993926	-0.323968	-0.909486	-0.296445
2.85885	-1.0041	-0.292743	-0.917893	-0.267608
2.89027	-1.0133	-0.261198	-0.925387	-0.238537
2.92168	-1.02151	-0.229364	-0.931961	-0.209258
2.9531	-1.02871	-0.197273	-0.93761	-0.179802
2.98451	-1.03491	-0.164955	-0.942328	-0.150198
3.01593	-1.04009	-0.132442	-0.946113	-0.120475
3.04734	-1.04425	-0.0997666	-0.948961	-0.0906627
3.07876	-1.04739	-0.0669605	-0.950871	-0.0607902
3.11018	-1.04949	-0.0340559	-0.951842	-0.0308872
3.14159	-1.05056	-0.00108516	-0.951872	-0.000983219
3.17301	-1.05059	0.0319192	-0.950965	0.0288922
3.20442	-1.04959	0.0649245	-0.94912	0.0587097
3.23584	-1.04755	0.0978984	-0.946342	0.0884399
3.26726	-1.04448	0.130808	-0.942633	0.118054
3.29867	-1.04037	0.163621	-0.937999	0.147522
3.33009	-1.03523	0.196305	-0.932444	0.176815
3.3615	-1.02906	0.228828	-0.925975	0.205906
3.39292	-1.02187	0.261157	-0.9186	0.234764
3.42434	-1.01367	0.29326	-0.910326	0.263363
3.45575	-1.00445	0.325105	-0.901163	0.291674
3.48717	-0.994239	0.356661	-0.89112	0.319669
3.51858	-0.983034	0.387896	-0.880209	0.347322
3.55	-0.970848	0.418779	-0.86844	0.374605
3.58142	-0.957692	0.449279	-0.855827	0.401491
3.61283	-0.943577	0.479366	-0.842382	0.427956
3.64425	-0.928518	0.509009	-0.82812	0.453972
3.67566	-0.912527	0.538179	-0.813056	0.479515
3.70708	-0.895619	0.566847	-0.797205	0.50456
3.7385	-0.877811	0.594984	-0.780583	0.529082
3.76991	-0.859119	0.622561	-0.763208	0.553059
3.80133	-0.839561	0.649551	-0.745098	0.576467
3.83274	-0.819155	0.675927	-0.726271	0.599284
3.86416	-0.79792	0.701661	-0.706746	0.621487
3.89557	-0.775876	0.726729	-0.686544	0.643055
3.92699	-0.753046	0.751104	-0.665685	0.663968
3.95841	-0.729449	0.774761	-0.64419	0.684206
3.98982	-0.705109	0.797677	-0.622081	0.703749
4.02124	-0.680049	0.819829	-0.599381	0.722579
4.05265	-0.654294	0.841193	-0.576111	0.740678
4.08407	-0.627867	0.861749	-0.552297	0.758029
4.11549	-0.600794	0.881474	-0.527962	0.774616
4.1469	-0.573102	0.900348	-0.50313	0.790422
4.17832	-0.544817	0.918353	-0.477827	0.805433
4.20973	-0.515966	0.935469	-0.452077	0.819636
4.24115	-0.486577	0.951678	-0.425907	0.833016
4.27257	-0.456679	0.966965	-0.399343	0.845562
4.30398	-0.426301	0.981312	-0.372411	0.857262
4.3354	-0.395472	0.994704	-0.345139	0.868104
4.36681	-0.364223	1.00713	-0.317553	0.878081
4.39823	-0.332583	1.01857	-0.289682	0.887181
4.42965	-0.300584	1.02902	-0.261552	0.895398
4.46106	-0.268256	1.03846	-0.233192	0.902724
4.49248	-0.235632	1.04689	-0.20463	0.909153
4.52389	-0.202743	1.05429	-0.175895	0.914679
4.55531	-0.169621	1.06066	-0.147014	0.919297
4.58673	-0.136299	1.06599	-0.118017	0.923005
4.61814	-0.10281	1.07027	-0.0889323	0.925799
4.64956	-0.0691868	1.0735	-0.0597884	0.927677
4.68097	-0.0354617	1.07568	-0.0306144	0.928639
4.71239	-0.00166838	1.07679	-0.0014389	0.928684
4.7438	0.03216	1.07684	0.0277092	0.927814
4.77522	0.06599	1.07583	0.0568013	0.926029
4.80664	0.0997882	1.07376	0.0858087	0.923333
4.83805	0.133521	1.07062	0.114703	0.91973
4.86947	0.167156	1.06643	0.143455	0.915223
4.90088	0.200659	1.06118	0.172038	0.909818
4.9323	0.233997	1.05487	0.200423	0.903522
4.96372	0.267137	1.04752	0.228583	0.896341
4.99513	0.300046	1.03913	0.256489	0.888283
5.02655	0.332691	1.0297	0.284115	0.879357
5.05796	0.36504	1.01925	0.311433	0.869573
5.08938	0.397061	1.00778	0.338417	0.858941
5.1208	0.428721	0.99531	0.365042	0.847473
5.15221	0.45999	0.981842	0.39128	0.835181
5.18363	0.490835	0.967391	0.417106	0.822077
5.21504	0.521227	0.951971	0.442496	0.808176
5.24646	0.551134	0.935596	0.467424	0.793491
5.27788	0.580526	0.918281	0.491867	0.778039
5.30929	0.609375	0.900044	0.5158	0.761834
5.34071	0.637651	0.8809	0.539202	0.744895
5.37212	0.665325	0.860867	0.562049	0.727238
5.40354	0.69237	0.839965	0.584319	0.708881
5.43496	0.718758	0.818214	0.605991	0.689843
5.46637	0.744463	0.795633	0.627044	0.670144
5.49779	0.769459	0.772245	0.647458	0.649803
5.5292	0.793719	0.748072	0.667214	0.628842
5.56062	0.817221	0.723137	0.686292	0.607282
5.59203	0.839939	0.697463	0.704675	0.585144
5.62345	0.86185	0.671076	0.722345	0.56245
5.65487	0.882933	0.644	0.739285	0.539225
5.68628	0.903165	0.616262	0.75548	0.515491
5.7177	0.922525	0.587888	0.770914	0.491272
5.74911	0.940994	0.558906	0.785572	0.466593
5.78053	0.958553	0.529344	0.799441	0.441477
5.81195	0.975182	0.49923	0.812509	0.415952
5.84336	0.990866	0.468594	0.824762	0.390041
5.87478	1.00559	0.437465	0.836191	0.363771
5.90619	1.01933	0.405873	0.846783	0.337169
5.93761	1.03208	0.37385	0.85653	0.31026
5.96903	1.04383	0.341426	0.865423	0.283072
6.00044	1.05455	0.308633	0.873454	0.255632
6.03186	1.06425	0.275504	0.880616	0.227966
6.06327	1.0729	0.242069	0.886902	0.200103
6.09469	1.08051	0.208363	0.892308	0.172071
6.12611	1.08705	0.174418	0.896829	0.143896
6.15752	1.09253	0.140267	0.900461	0.115607
6.18894	1.09694	0.105944	0.903201	0.0872323
6.22035	1.10027	0.0714825	0.905048	0.0587994
6.25177	1.10251	0.0369166	0.906001	0.0303365
6.28319	1.10367	0.00228004	0.90606	0.0018718
6.3146	1.10375	-0.0323929	0.905226	-0.0265667
6.34602	1.10273	-0.0670681	0.903499	-0.054951
6.37743	1.10062	-0.101711	0.900884	-0.0832531
6.40885	1.09743	-0.136288	0.897383	-0.111445
6.44026	1.09314	-0.170765	0.893	-0.1395
6.47168	1.08778	-0.205107	0.887741	-0.167389
6.5031	1.08134	-0.239281	0.881613	-0.195086
6.53451	1.07382	-0.273252	0.874621	-0.222563
6.56593	1.06523	-0.306987	0.866773	-0.249793
6.59734	1.05559	-0.340452	0.858079	-0.27675
6.62876	1.04489	-0.373615	0.848547	-0.303408
6.66018	1.03316	-0.406441	0.838188	-0.329741
6.69159	1.02039	-0.438899	0.827013	-0.355722
6.72301	1.0066	-0.470955	0.815033	-0.381327
6.75442	0.991805	-0.502578	0.802261	-0.406531
6.78584	0.976016	-0.533737	0.788711	-0.431309
6.81726	0.959248	-0.564399	0.774397	-0.455637
6.84867	0.941517	-0.594535	0.759333	-0.479492
6.88009	0.922839	-0.624114	0.743536	-0.502851
6.9115	0.903232	-0.653105	0.727021	-0.525691
6.94292	0.882714	-0.681481	0.709805	-0.547991
6.97434	0.861304	-0.709213	0.691907	-0.569727
7.00575	0.839024	-0.736271	0.673343	-0.590881
7.03717	0.815893	-0.76263	0.654135	-0.611431
7.06858	0.791934	-0.788262	0.6343	-0.631359
7.1	0.767171	-0.813141	0.613859	-0.650643
7.13142	0.741625	-0.837243	0.592834	-0.669268
7.16283	0.715322	-0.860542	0.571244	-0.687214
7.19425	0.688287	-0.883014	0.549113	-0.704465
7.22566	0.660547	-0.904637	0.526462	-0.721004
7.25708	0.632127	-0.925389	0.503314	-0.736816
7.28849	0.603055	-0.945248	0.479693	-0.751886
7.31991	0.573359	-0.964193	0.455622	-0.7662
7.35133	0.543068	-0.982206	0.431126	-0.779744
7.38274	0.512211	-0.999267	0.406228	-0.792506
7.41416	0.480818	-1.01536	0.380955	-0.804474
7.44557	0.44892	-1.03046	0.355331	-0.815637
7.47699	0.416547	-1.04457	0.329382	-0.825985
7.50841	0.383731	-1.05765	0.303134	-0.835509
7.53982	0.350504	-1.06971	0.276612	-0.844199
7.57124	0.316898	-1.08072	0.249844	-0.852048
7.60265	0.282946	-1.09068	0.222857	-0.859049
7.63407	0.248681	-1.09956	0.195676	-0.865196
7.66549	0.214137	-1.10738	0.168329	-0.870484
7.6969	0.179348	-1.1141	0.140843	-0.874909
7.72832	0.144348	-1.11974	0.113245	-0.878467
7.75973	0.10917	-1.12427	0.0855624	-0.881155
7.79115	0.0738498	-1.1277	0.0578231	-0.882971
7.82257	0.0384219	-1.13002	0.030054	-0.883916
7.85398	0.00292121	-1.13123	0.00228275	-0.883987
7.8854	-0.0326174	-1.13132	-0.0254634	-0.883187
7.91681	-0.068159	-1.1303	-0.0531571	-0.881517
7.94823	-0.103668	-1.12816	-0.0807711	-0.87898
7.97965	-0.13911	-1.1249	-0.108278	-0.875578
8.01106	-0.17445	-1.12053	-0.135651	-0.871317
8.04248	-0.209653	-1.11505	-0.162864	-0.8662
8.07389	-0.244683	-1.10846	-0.189889	-0.860235
8.10531	-0.279506	-1.10078	-0.2167	-0.853427
8.13672	-0.314088	-1.09199	-0.243271	-0.845784
8.16814	-0.348394	-1.08213	-0.269576	-0.837315
8.19956	-0.38239	-1.07118	-0.29559	-0.828029
8.23097	-0.416042	-1.05917	-0.321286	-0.817935
8.26239	-0.449317	-1.0461	-0.34664	-0.807045
8.2938	-0.482181	-1.03198	-0.371627	-0.79537
8.32522	-0.514602	-1.01683	-0.396223	-0.782923
8.35664	-0.546547	-1.00067	-0.420405	-0.769715
8.38805	-0.577984	-0.983497	-0.444148	-0.755762
8.41947	-0.608881	-0.96534	-0.467429	-0.741077
8.45088	-0.639208	-0.946211	-0.490227	-0.725676
8.4823	-0.668934	-0.92613	-0.512519	-0.709575
8.51372	-0.698029	-0.905114	-0.534284	-0.69279
8.54513	-0.726464	-0.883185	-0.5555	-0.675339
8.57655	-0.754211	-0.860363	-0.576148	-0.657238
8.60796	-0.78124	-0.836668	-0.596207	-0.638508
8.63938	-0.807524	-0.812125	-0.615659	-0.619166
8.6708	-0.833038	-0.786756	-0.634484	-0.599233
8.70221	-0.857755	-0.760585	-0.652666	-0.578729
8.73363	-0.881649	-0.733638	-0.670185	-0.557675
8.76504	-0.904697	-0.70594	-0.687027	-0.536091
8.79646	-0.926875	-0.677518	-0.703175	-0.514
8.82788	-0.94816	-0.6484	-0.718614	-0.491424
8.85929	-0.96853	-0.618612	-0.733328	-0.468386
8.89071	-0.987964	-0.588185	-0.747306	-0.444909
8.92212	-1.00644	-0.557147	-0.760532	-0.421016
8.95354	-1.02395	-0.525529	-0.772996	-0.396732
8.98495	-1.04046	-0.493361	-0.784685	-0.37208
9.01637	-1.05596	-0.460674	-0.795589	-0.347086
9.04779	-1.07043	-0.4275	-0.805698	-0.321774
9.0792	-1.08386	-0.393872	-0.815003	-0.29617
9.11062	-1.09623	-0.359821	-0.823494	-0.270299
9.14203	-1.10754	-0.325382	-0.831166	-0.244188
9.17345	-1.11776	-0.290588	-0.83801	-0.217861
9.20487	-1.12689	-0.255472	-0.844021	-0.191345
9.23628	-1.13491	-0.22007	-0.849194	-0.164667
9.2677	-1.14183	-0.184416	-0.853525	-0.137852
9.29911	-1.14762	-0.148544	-0.85701	-0.110929
9.33053	-1.15229	-0.112491	-0.859647	-0.0839221
9.36195	-1.15582	-0.0762907	-0.861433	-0.0568594
9.39336	-1.15822	-0.0399795	-0.862368	-0.0297673
9.42478	-1.15947	-0.00359298	-0.862452	-0.00267257
9.45619	-1.15959	0.032833	-0.861685	0.0243981
9.48761	-1.15856	0.0692625	-0.86007	0.051418
9.51903	-1.15638	0.10566	-0.857608	0.0783605
9.55044	-1.15306	0.141988	-0.854303	0.105199
9.58186	-1.1486	0.178213	-0.850159	0.131908
9.61327	-1.143	0.214297	-0.845181	0.15846
9.64469	-1.13627	0.250205	-0.839375	0.18483
9.67611	-1.12841	0.285902	-0.832746	0.210991
9.70752	-1.11943	0.321352	-0.825303	0.236919
9.73894	-1.10933	0.35652	-0.817054	0.262587
9.77035	-1.09813	0.391371	-0.808007	0.287972
9.80177	-1.08583	0.42587	-0.798172	0.313047
9.83319	-1.07246	0.459982	-0.78756	0.337789
9.8646	-1.058	0.493674	-0.776182	0.362173
9.89602	-1.0425	0.526912	-0.76405	0.386177
9.92743	-1.02594	0.559663	-0.751177	0.409776
9.95885	-1.00836	0.591894	-0.737575	0.432947
9.99026	-0.989765	0.623573	-0.72326	0.455669
10.0217	-0.970175	0.654667	-0.708246	0.477919
10.0531	-0.949608	0.685146	-0.692548	0.499676
10.0845	-0.928083	0.714979	-0.676183	0.520919
10.1159	-0.905621	0.744136	-0.659167	0.541628
10.1473	-0.882244	0.772586	-0.641518	0.561781
10.1788	-0.857972	0.800303	-0.623254	0.581362
10.2102	-0.83283	0.827257	-0.604394	0.600349
10.2416	-0.806841	0.853421	-0.584956	0.618726
10.273	-0.78003	0.878769	-0.56496	0.636475
10.3044	-0.752423	0.903274	-0.544427	0.653579
10.3358	-0.724045	0.926912	-0.523378	0.670021
10.3673	-0.694926	0.949659	-0.501833	0.685786
10.3987	-0.665091	0.97149	-0.479815	0.70086
10.4301	-0.634571	0.992385	-0.457346	0.715228
10.4615	-0.603394	1.01232	-0.434447	0.728877
10.4929	-0.571591	1.03128	-0.411143	0.741793
10.5243	-0.539193	1.04923	-0.387457	0.753966
10.5558	-0.50623	1.06617	-0.363412	0.765383
10.5872	-0.472735	1.08208	-0.339032	0.776033
10.6186	-0.438741	1.09693	-0.314342	0.785909
10.65	-0.40428	1.11071	-0.289366	0.795
10.6814	-0.369386	1.12341	-0.26413	0.803297
10.7128	-0.334093	1.13502	-0.238658	0.810795
10.7442	-0.298435	1.14551	-0.212976	0.817486
10.7757	-0.262448	1.15489	-0.187109	0.823364
10.8071	-0.226166	1.16313	-0.161083	0.828425
10.8385	-0.189625	1.17024	-0.134924	0.832663
10.8699	-0.152861	1.1762	-0.108658	0.836077
10.9013	-0.11591	1.181	-0.0823109	0.838663
10.9327	-0.0788074	1.18464	-0.0559083	0.840419
10.9642	-0.0415908	1.18712	-0.0294767	0.841345
10.9956	-0.00429647	1.18842	-0.00304204	0.841441
11.027	0.0330389	1.18856	0.0233695	0.840707
11.0584	0.0703785	1.18752	0.049732	0.839144
11.0898	0.107686	1.18531	0.0760195	0.836756
11.1212	0.144923	1.18192	0.102206	0.833545
11.1527	0.182054	1.17737	0.128266	0.829516
11.1841	0.219043	1.17165	0.154174	0.824672
11.2155	0.255851	1.16477	0.179904	0.81902
11.2469	0.292444	1.15673	0.205432	0.812566
11.2783	0.328783	1.14755	0.230732	0.805318
11.3097	0.364835	1.13722	0.255779	0.797282
11.3411	0.400561	1.12576	0.280549	0.788469
11.3726	0.435928	1.11317	0.305019	0.778886
11.404	0.470899	1.09948	0.329163	0.768545
11.4354	0.50544	1.08468	0.35296	0.757457
11.4668	0.539517	1.0688	0.376384	0.745632
11.4982	0.573094	1.05185	0.399415	0.733084
11.5296	0.606139	1.03385	0.422029	0.719826
11.5611	0.638618	1.01481	0.444204	0.705871
11.5925	0.6705	0.994745	0.46592	0.691233
11.6239	0.70175	0.97368	0.487155	0.675929
11.6553	0.732339	0.951634	0.507889	0.659973
11.6867	0.762236	0.928627	0.528101	0.643382
11.7181	0.79141	0.904681	0.547773	0.626174
11.7496	0.819831	0.879818	0.566885	0.608364
11.781	0.847471	0.854062	0.58542	0.589973
11.8124	0.874302	0.827438	0.603359	0.571018
11.8438	0.900297	0.799971	0.620685	0.551518
11.8752	0.925429	0.771687	0.637383	0.531494
11.9066	0.949672	0.742614	0.653435	0.510966
11.9381	0.973002	0.712779	0.668828	0.489954
11.9695	0.995395	0.682212	0.683545	0.46848
12.0009	1.01683	0.65094	0.697575	0.446565
12.0323	1.03728	0.618996	0.710902	0.424231
12.0637	1.05672	0.586409	0.723516	0.401501
12.0951	1.07515	0.553211	0.735403	0.378398
12.1265	1.09253	0.519434	0.746554	0.354944
12.158	1.10884	0.485111	0.756958	0.331164
12.1894	1.12408	0.450276	0.766605	0.30708
12.2208	1.13823	0.414962	0.775487	0.282718
12.2522	1.15127	0.379203	0.783596	0.2581
12.2836	1.16318	0.343035	0.790924	0.233253
12.315	1.17396	0.306493	0.797464	0.2082
12.3465	1.18359	0.269612	0.803212	0.182966
12.3779	1.19206	0.232429	0.808163	0.157577
12.4093	1.19936	0.194979	0.812312	0.132057
12.4407	1.20548	0.1573	0.815655	0.106433
12.4721	1.21042	0.119429	0.818191	0.0807284
12.5035	1.21418	0.0814021	0.819918	0.0549699
12.535	1.21673	0.0432577	0.820835	0.0291826
12.5664	1.21809	0.00503285	0.820942	0.00339192
12.5978	1.21825	-0.0332347	0.820239	-0.0223766
12.6292	1.21721	-0.0715071	0.818728	-0.0480977
12.6606	1.21496	-0.109747	0.816411	-0.073746
12.692	1.21151	-0.147916	0.813291	-0.0992963
12.7235	1.20687	-0.185977	0.809373	-0.124724
12.7549	1.20102	-0.223891	0.804661	-0.150003
12.7863	1.19399	-0.261623	0.799159	-0.175109
12.8177	1.18577	-0.299133	0.792876	-0.200018
12.8491	1.17637	-0.336385	0.785816	-0.224705
12.8805	1.1658	-0.373342	0.777989	-0.249146
12.9119	1.15408	-0.409967	0.769403	-0.273318
12.9434	1.1412	-0.446223	0.760066	-0.297196
12.9748	1.12718	-0.482075	0.749989	-0.320758
13.0062	1.11203	-0.517486	0.739183	-0.34398
13.0376	1.09578	-0.552422	0.727658	-0.36684
13.069	1.07842	-0.586846	0.715427	-0.389316
13.1004	1.05998	-0.620726	0.702503	-0.411385
13.1319	1.04048	-0.654026	0.688899	-0.433028
13.1633	1.01994	-0.686714	0.674629	-0.454222
13.1947	0.998363	-0.718756	0.659708	-0.474947
13.2261	0.975783	-0.750121	0.644152	-0.495184
13.2575	0.952217	-0.780776	0.627975	-0.514912
13.2889	0.927688	-0.810691	0.611196	-0.534114
13.3204	0.90222	-0.839835	0.59383	-0.552769
13.3518	0.875835	-0.868179	0.575896	-0.570862
13.3832	0.848561	-0.895694	0.557412	-0.588373
13.4146	0.820422	-0.922353	0.538396	-0.605287
13.446	0.791445	-0.948127	0.518868	-0.621588
13.4774	0.761659	-0.972991	0.498848	-0.63726
13.5088	0.731091	-0.996919	0.478356	-0.652288
13.5403	0.699772	-1.01989	0.457412	-0.666658
13.5717	0.667732	-1.04187	0.436038	-0.680356
13.6031	0.635	-1.06285	0.414255	-0.693371
13.6345	0.60161	-1.0828	0.392085	-0.705688
13.6659	0.567593	-1.1017	0.369551	-0.717298
13.6973	0.532982	-1.11953	0.346674	-0.728189
13.7288	0.497811	-1.13627	0.323478	-0.738352
13.7602	0.462114	-1.15191	0.299986	-0.747776
13.7916	0.425925	-1.16643	0.276221	-0.756454
13.823	0.389281	-1.17981	0.252208	-0.764377
13.8544	0.352216	-1.19204	0.227969	-0.771539
13.8858	0.314767	-1.20311	0.20353	-0.777933
13.9173	0.27697	-1.21299	0.178913	-0.783554
13.9487	0.238863	-1.2217	0.154145	-0.788396
13.9801	0.200482	-1.2292	0.12925	-0.792457
14.0115	0.161866	-1.2355	0.104251	-0.795732
14.0429	0.123051	-1.24058	0.0791741	-0.798219
14.0743	0.0840774	-1.24445	0.0540439	-0.799917
14.1058	0.0449818	-1.24709	0.0288853	-0.800825
14.1372	0.00580332	-1.2485	0.00372295	-0.800941
14.1686	-0.0334196	-1.24869	-0.0214182	-0.800269
14.2	-0.0726482	-1.24764	-0.0465135	-0.798807
14.2314	-0.111844	-1.24535	-0.0715382	-0.79656
14.2628	-0.150968	-1.24184	-0.0964676	-0.793529
14.2942	-0.189981	-1.2371	-0.121277	-0.789719
14.3257	-0.228846	-1.23113	-0.145943	-0.785134
14.3571	-0.267523	-1.22394	-0.170441	-0.77978
14.3885	-0.305974	-1.21553	-0.194746	-0.773662
14.4199	-0.344161	-1.20592	-0.218835	-0.766787
14.4513	-0.382046	-1.19511	-0.242685	-0.759163
14.4827	-0.419592	-1.18311	-0.266272	-0.750797
14.5142	-0.45676	-1.16993	-0.289573	-0.7417
14.5456	-0.493515	-1.15558	-0.312566	-0.731881
14.577	-0.529818	-1.14007	-0.335228	-0.721349
14.6084	-0.565635	-1.12343	-0.357537	-0.710117
14.6398	-0.600928	-1.10566	-0.379471	-0.698195
14.6712	-0.635663	-1.08678	-0.40101	-0.685597
14.7027	-0.669806	-1.06681	-0.422132	-0.672336
14.7341	-0.70332	-1.04577	-0.442817	-0.658424
14.7655	-0.736174	-1.02367	-0.463045	-0.643877
14.7969	-0.768334	-1.00054	-0.482796	-0.62871
14.8283	-0.799767	-0.976406	-0.502052	-0.612937
14.8597	-0.830441	-0.95128	-0.520794	-0.596576
14.8911	-0.860327	-0.925191	-0.539004	-0.579643
14.9226	-0.889392	-0.898163	-0.556665	-0.562154
14.954	-0.917609	-0.870222	-0.573759	-0.544129
14.9854	-0.944948	-0.841394	-0.590271	-0.525585
15.0168	-0.971381	-0.811708	-0.606185	-0.506541
15.0482	-0.996882	-0.781191	-0.621485	-0.487017
15.0796	-1.02142	-0.749873	-0.636157	-0.467032
15.1111	-1.04498	-0.717784	-0.650187	-0.446605
15.1425	-1.06753	-0.684955	-0.663563	-0.425759
15.1739	-1.08905	-0.651418	-0.676271	-0.404513
15.2053	-1.10951	-0.617204	-0.6883	-0.38289
15.2367	-1.1289	-0.582348	-0.699638	-0.36091
15.2681	-1.1472	-0.546882	-0.710276	-0.338596
15.2996	-1.16438	-0.510842	-0.720202	-0.31597
15.331	-1.18043	-0.474262	-0.729409	-0.293055
15.3624	-1.19533	-0.437177	-0.737887	-0.269874
15.3938	-1.20906	-0.399625	-0.745629	-0.246449
15.4252	-1.22162	-0.361641	-0.752629	-0.222804
15.4566	-1.23298	-0.323263	-0.75888	-0.198963
15.4881	-1.24313	-0.284528	-0.764376	-0.17495
15.5195	-1.25207	-0.245474	-0.769113	-0.150787
15.5509	-1.25978	-0.206139	-0.773087	-0.1265
15.5823	-1.26626	-0.166561	-0.776295	-0.102112
15.6137	-1.27149	-0.126781	-0.778734	-0.0776476
15.6451	-1.27548	-0.0868354	-0.780404	-0.0531305
15.6765	-1.2782	-0.0467651	-0.781302	-0.0285851
15.708	-1.27967	-0.00660913	-0.781428	-0.00403584
15.7394	-1.27988	0.033593	-0.780785	0.0204932
15.7708	-1.27883	0.0738017	-0.779372	0.0449779
15.8022	-1.27651	0.113977	-0.777191	0.0693941
15.8336	-1.27293	0.15408	-0.774247	0.0937178
15.865	-1.26809	0.19407	-0.770543	0.117925
15.8965	-1.26199	0.233908	-0.766082	0.141992
15.9279	-1.25464	0.273555	-0.76087	0.165896
15.9593	-1.24605	0.31297	-0.754913	0.189612
15.9907	-1.23621	0.352116	-0.748218	0.213118
16.0221	-1.22515	0.390953	-0.740791	0.236391
16.0535	-1.21287	0.429442	-0.732642	0.259407
16.085	-1.19938	0.467546	-0.723778	0.282145
16.1164	-1.18469	0.505225	-0.714209	0.304583
16.1478	-1.16882	0.542443	-0.703946	0.326698
16.1792	-1.15178	0.579163	-0.692998	0.348469
16.2106	-1.13358	0.615347	-0.681378	0.369875
16.242	-1.11425	0.65096	-0.669098	0.390896
16.2734	-1.0938	0.685965	-0.65617	0.41151
16.3049	-1.07225	0.720328	-0.642608	0.431698
16.3363	-1.04962	0.754013	-0.628425	0.451441
16.3677	-1.02593	0.786988	-0.613637	0.470719
16.3991	-1.00121	0.819219	-0.598259	0.489513
16.4305	-0.975472	0.850673	-0.582306	0.507807
16.4619	-0.948747	0.881318	-0.565794	0.525582
16.4934	-0.921059	0.911124	-0.548741	0.542821
16.5248	-0.892436	0.94006	-0.531163	0.559508
16.5562	-0.862903	0.968096	-0.513079	0.575627
16.5876	-0.832489	0.995205	-0.494507	0.591162
16.619	-0.801224	1.02136	-0.475466	0.6061
16.6504	-0.769137	1.04653	-0.455975	0.620425
16.6819	-0.736259	1.07069	-0.436053	0.634124
16.7133	-0.702622	1.09382	-0.415722	0.647184
16.7447	-0.668259	1.1159	-0.395	0.659593
16.7761	-0.633202	1.13689	-0.373909	0.67134
16.8075	-0.597486	1.15678	-0.35247	0.682413
16.8389	-0.561144	1.17555	-0.330705	0.692802
16.8704	-0.524213	1.19318	-0.308636	0.702498
16.9018	-0.486728	1.20965	-0.286284	0.711492
16.9332	-0.448726	1.22494	-0.263671	0.719776
16.9646	-0.410243	1.23904	-0.240821	0.727341
16.996	-0.371318	1.25193	-0.217756	0.734182
17.0274	-0.331987	1.26359	-0.194499	0.740293
17.0588	-0.29229	1.27402	-0.171073	0.745667
17.0903	-0.252265	1.28321	-0.147502	0.750301
17.1217	-0.211952	1.29113	-0.123808	0.754191
17.1531	-0.17139	1.29779	-0.100016	0.757333
17.1845	-0.130619	1.30317	-0.0761484	0.759725
17.2159	-0.0896787	1.30728	-0.0522294	0.761366
17.2473	-0.0486094	1.31009	-0.0282825	0.762254
17.2788	-0.00745156	1.31162	-0.00433128	0.76239
17.3102	0.0337542	1.31186	0.0196006	0.761775
17.3416	0.0749674	1.3108	0.0434895	0.760408
17.373	0.116147	1.30844	0.067312	0.758294
17.4044	0.157253	1.30479	0.0910447	0.755434
17.4358	0.198244	1.29985	0.114664	0.751831
17.4673	0.23908	1.29362	0.138147	0.747491
17.4987	0.279721	1.28611	0.161471	0.742418
17.5301	0.320125	1.27732	0.184613	0.736619
17.5615	0.360253	1.26727	0.207549	0.730098
17.5929	0.400066	1.25595	0.230259	0.722865
17.6243	0.439523	1.24338	0.252719	0.714925
17.6558	0.478585	1.22957	0.274908	0.706289
17.6872	0.517213	1.21454	0.296803	0.696964
17.7186	0.555369	1.19829	0.318385	0.686962
17.75	0.593014	1.18084	0.339631	0.676292
17.7814	0.630111	1.16221	0.360522	0.664966
17.8128	0.666623	1.14242	0.381036	0.652995
17.8442	0.702513	1.12147	0.401155	0.640393
17.8757	0.737745	1.0994	0.420858	0.627171
17.9071	0.772284	1.07623	0.440127	0.613344
17.9385	0.806095	1.05196	0.458942	0.598926
17.9699	0.839143	1.02664	0.477287	0.583932
18.0013	0.871396	1.00028	0.495143	0.568376
18.0327	0.902821	0.972902	0.512494	0.552276
18.0642	0.933385	0.944539	0.529321	0.535647
18.0956	0.963059	0.915216	0.545611	0.518506
18.127	0.991811	0.884961	0.561346	0.500871
18.1584	1.01961	0.853802	0.576512	0.482759
18.1898	1.04644	0.82177	0.591095	0.464189
18.2212	1.07225	0.788895	0.605081	0.44518
18.2527	1.09704	0.755209	0.618456	0.425751
18.2841	1.12076	0.720745	0.631209	0.405921
18.3155	1.14341	0.685535	0.643326	0.38571
18.3469	1.16494	0.649614	0.654797	0.365139
18.3783	1.18535	0.613016	0.665612	0.344228
18.4097	1.20461	0.575777	0.675759	0.322998
18.4411	1.2227	0.537933	0.68523	0.301471
18.4726	1.2396	0.499521	0.694016	0.279668
18.504	1.25529	0.460578	0.702109	0.257611
18.5354	1.26976	0.421142	0.709502	0.235321
18.5668	1.28299	0.381251	0.716188	0.212821
18.5982	1.29497	0.340945	0.722161	0.190134
18.6296	1.30568	0.300263	0.727416	0.167282
18.6611	1.31511	0.259243	0.731949	0.144287
18.6925	1.32326	0.217928	0.735756	0.121172
18.7239	1.3301	0.176357	0.738833	0.0979611
18.7553	1.33564	0.13457	0.74118	0.0746762
18.7867	1.33987	0.0926099	0.742792	0.0513407
18.8181	1.34278	0.0505166	0.743671	0.0279776
18.8496	1.34437	0.00833193	0.743816	0.00460992
18.881	1.34463	-0.0339026	0.743227	-0.0187393
18.9124	1.34356	-0.0761453	0.741907	-0.0420469
18.9438	1.34117	-0.118355	0.739855	-0.0652902
18.9752	1.33745	-0.160489	0.737077	-0.0884461
19.0066	1.33241	-0.202506	0.733574	-0.111492
19.0381	1.32605	-0.244365	0.729352	-0.134405
19.0695	1.31837	-0.286024	0.724414	-0.157163
19.1009	1.30939	-0.327442	0.718767	-0.179744
19.1323	1.2991	-0.368578	0.712417	-0.202125
19.1637	1.28752	-0.40939	0.705371	-0.224285
19.1951	1.27466	-0.449839	0.697637	-0.246202
19.2265	1.26053	-0.489883	0.689222	-0.267855
19.258	1.24514	-0.529484	0.680136	-0.289222
19.2894	1.2285	-0.568601	0.670388	-0.310283
19.3208	1.21064	-0.607195	0.659989	-0.331017
19.3522	1.19156	-0.645229	0.648949	-0.351404
19.3836	1.17129	-0.682663	0.63728	-0.371425
19.415	1.14985	-0.71946	0.624995	-0.39106
19.4465	1.12724	-0.755584	0.612105	-0.41029
19.4779	1.10351	-0.790997	0.598625	-0.429096
19.5093	1.07866	-0.825665	0.584567	-0.447461
19.5407	1.05272	-0.859552	0.569947	-0.465366
19.5721	1.02571	-0.892624	0.55478	-0.482795
19.6035	0.997672	-0.924848	0.53908	-0.499731
19.635	0.968617	-0.95619	0.522865	-0.516157
19.6664	0.938577	-0.98662	0.50615	-0.532058
19.6978	0.907582	-1.01611	0.488952	-0.547419
19.7292	0.87566	-1.04462	0.471289	-0.562225
19.7606	0.842842	-1.07213	0.453179	-0.576462
19.792	0.80916	-1.09861	0.43464	-0.590117
19.8234	0.774646	-1.12403	0.415691	-0.603176
19.8549	0.739334	-1.14836	0.39635	-0.615628
19.8863	0.703257	-1.17159	0.376638	-0.62746
19.9177	0.66645	-1.19368	0.356574	-0.638662
19.9491	0.62895	-1.21462	0.336178	-0.649224
19.9805	0.590791	-1.23438	0.315471	-0.659134
20.0119	0.552012	-1.25294	0.294473	-0.668386
20.0434	0.51265	-1.27028	0.273205	-0.676968
20.0748	0.472743	-1.28639	0.251689	-0.684876
20.1062	0.432329	-1.30124	0.229946	-0.6921
20.1376	0.39145	-1.31482	0.207998	-0.698634
20.169	0.350143	-1.32712	0.185866	-0.704473
20.2004	0.308451	-1.33812	0.163573	-0.709612
20.2319	0.266412	-1.34781	0.141141	-0.714046
20.2633	0.22407	-1.35618	0.118591	-0.717772
20.2947	0.181464	-1.36322	0.095947	-0.720786
20.3261	0.138637	-1.36892	0.0732306	-0.723086
20.3575	0.0956314	-1.37328	0.0504643	-0.724672
20.3889	0.0524887	-1.37628	0.0276708	-0.725541
20.4204	0.00925162	-1.37793	0.00487242	-0.725694
20.4518	-0.0340373	-1.37822	-0.0179083	-0.725132
20.4832	-0.0773353	-1.37715	-0.0406488	-0.723855
20.5146	-0.1206	-1.37472	-0.0633269	-0.721865
20.546	-0.163788	-1.37093	-0.0859202	-0.719166
20.5774	-0.206857	-1.36579	-0.108406	-0.71576
20.6088	-0.249764	-1.35929	-0.130764	-0.711652
20.6403	-0.292468	-1.35144	-0.15297	-0.706846
20.6717	-0.334924	-1.34225	-0.175003	-0.701349
20.7031	-0.377093	-1.33173	-0.196843	-0.695165
20.7345	-0.41893	-1.31988	-0.218466	-0.688301
20.7659	-0.460396	-1.30672	-0.239853	-0.680766
20.7973	-0.501447	-1.29226	-0.260982	-0.672567
20.8288	-0.542045	-1.27651	-0.281834	-0.663713
20.8602	-0.582148	-1.25948	-0.302386	-0.654213
20.8916	-0.621715	-1.24119	-0.322621	-0.644078
20.923	-0.660708	-1.22166	-0.342517	-0.633317
20.9544	-0.699088	-1.2009	-0.362056	-0.621943
20.9858	-0.736815	-1.17894	-0.381218	-0.609967
21.0173	-0.773853	-1.15579	-0.399986	-0.597401
21.0487	-0.810163	-1.13148	-0.418341	-0.584258
21.0801	-0.845709	-1.10603	-0.436266	-0.570552
21.1115	-0.880456	-1.07946	-0.453742	-0.556298
21.1429	-0.914368	-1.0518	-0.470754	-0.541509
21.1743	-0.947411	-1.02307	-0.487285	-0.5262
21.2058	-0.979552	-0.993308	-0.50332	-0.510388
21.2372	-1.01076	-0.962534	-0.518842	-0.494088
21.2686	-1.041	-0.93078	-0.533837	-0.477317
21.3	-1.07024	-0.898076	-0.548292	-0.460092
21.3314	-1.09845	-0.864454	-0.562191	-0.44243
21.3628	-1.12561	-0.829945	-0.575522	-0.424349
21.3942	-1.15168	-0.794583	-0.588273	-0.405868
21.4257	-1.17665	-0.758402	-0.600431	-0.387005
21.4571	-1.20047	-0.721436	-0.611985	-0.367779
21.4885	-1.22314	-0.683722	-0.622925	-0.348209
21.5199	-1.24462	-0.645296	-0.633239	-0.328316
21.5513	-1.26489	-0.606196	-0.642919	-0.308118
21.5827	-1.28393	-0.566458	-0.651955	-0.287636
21.6142	-1.30173	-0.526122	-0.66034	-0.266891
21.6456	-1.31826	-0.485227	-0.668065	-0.245903
21.677	-1.3335	-0.443813	-0.675124	-0.224693
21.7084	-1.34744	-0.40192	-0.68151	-0.203283
21.7398	-1.36007	-0.359588	-0.687218	-0.181693
21.7712	-1.37137	-0.316861	-0.692243	-0.159946
21.8027	-1.38132	-0.273778	-0.69658	-0.138062
21.8341	-1.38992	-0.230382	-0.700227	-0.116064
21.8655	-1.39716	-0.186717	-0.703179	-0.0939729
21.8969	-1.40303	-0.142824	-0.705435	-0.071811
21.9283	-1.40751	-0.0987462	-0.706993	-0.0496001
21.9597	-1.41062	-0.0545278	-0.707853	-0.0273623
21.9911	-1.41233	-0.010212	-0.708014	-0.00511939
22.0226	-1.41265	0.0341576	-0.707476	0.0171066
22.054	-1.41158	0.0785372	-0.706242	0.0392939
22.0854	-1.40911	0.122883	-0.704312	0.0614205
22.1168	-1.40525	0.167152	-0.70169	0.0834647
22.1482	-1.4	0.211299	-0.698379	0.105405
22.1796	-1.39336	0.255281	-0.694382	0.12722
22.2111	-1.38534	0.299055	-0.689705	0.148887
22.2425	-1.37594	0.342576	-0.684352	0.170387
22.2739	-1.36518	0.385803	-0.678329	0.191697
22.3053	-1.35306	0.428691	-0.671644	0.212798
22.3367	-1.33959	0.471199	-0.664303	0.233667
22.3681	-1.32479	0.513284	-0.656315	0.254286
22.3996	-1.30867	0.554903	-0.647687	0.274634
22.431	-1.29123	0.596016	-0.638429	0.29469
22.4624	-1.27251	0.636581	-0.62855	0.314437
22.4938	-1.25251	0.676558	-0.618062	0.333854
22.5252	-1.23125	0.715907	-0.606975	0.352923
22.5566	-1.20876	0.754588	-0.5953	0.371624
22.5881	-1.18506	0.792563	-0.583049	0.389942
22.6195	-1.16016	0.829792	-0.570236	0.407856
22.6509	-1.13409	0.86624	-0.556873	0.425351
22.6823	-1.10688	0.901868	-0.542975	0.442409
22.7137	-1.07854	0.936642	-0.528554	0.459014
22.7451	-1.04912	0.970525	-0.513627	0.47515
22.7765	-1.01863	1.00348	-0.498208	0.490802
22.808	-0.987102	1.03549	-0.482313	0.505954
22.8394	-0.954571	1.0665	-0.465958	0.520592
22.8708	-0.921066	1.09648	-0.44916	0.534703
22.9022	-0.886619	1.12542	-0.431936	0.548273
22.9336	-0.851263	1.15327	-0.414302	0.561288
22.965	-0.815032	1.18002	-0.396278	0.573738
22.9965	-0.777961	1.20562	-0.37788	0.585609
23.0279	-0.740085	1.23006	-0.359128	0.596892
23.0593	-0.701441	1.25331	-0.340041	0.607574
23.0907	-0.662067	1.27535	-0.320637	0.617648
23.1221	-0.622001	1.29615	-0.300936	0.627102
23.1535	-0.581281	1.31569	-0.280958	0.635928
23.185	-0.539948	1.33395	-0.260722	0.644119
23.2164	-0.49804	1.35091	-0.240249	0.651667
23.2478	-0.4556	1.36656	-0.21956	0.658564
23.2792	-0.412668	1.38087	-0.198674	0.664806
23.3106	-0.369287	1.39384	-0.177614	0.670386
23.342	-0.325498	1.40544	-0.156398	0.675299
23.3734	-0.281345	1.41567	-0.13505	0.679542
23.4049	-0.23687	1.4245	-0.113589	0.68311
23.4363	-0.192118	1.43195	-0.092038	0.686002
23.4677	-0.147132	1.43798	-0.0704171	0.688214
23.4991	-0.101957	1.4426	-0.0487481	0.689746
23.5305	-0.056636	1.44581	-0.0270524	0.690595
23.5619	-0.0112147	1.44759	-0.00535144	0.690764
23.5934	0.0342626	1.44794	0.0163334	0.69025
23.6248	0.079751	1.44686	0.0379808	0.689057
23.6562	0.125205	1.44436	0.0595694	0.687186
23.6876	0.170581	1.44042	0.0810779	0.684639
23.719	0.215834	1.43506	0.102485	0.681419
23.7504	0.260917	1.42828	0.123771	0.677531
23.7819	0.305788	1.42009	0.144913	0.672978
23.8133	0.350402	1.41048	0.165891	0.667766
23.8447	0.394713	1.39947	0.186686	0.661902
23.8761	0.438679	1.38707	0.207275	0.65539
23.9075	0.482255	1.37329	0.22764	0.648238
23.9389	0.525398	1.35814	0.247761	0.640455
23.9704	0.568065	1.34163	0.267617	0.632047
24.0018	0.610214	1.32379	0.28719	0.623025
24.0332	0.651802	1.30462	0.30646	0.613397
24.0646	0.692788	1.28414	0.32541	0.603174
24.096	0.73313	1.26238	0.344019	0.592366
24.1274	0.772789	1.23934	0.362272	0.580985
24.1588	0.811724	1.21507	0.380149	0.569043
24.1903	0.849897	1.18956	0.397633	0.556551
24.2217	0.887268	1.16286	0.414708	0.543522
24.2531	0.9238	1.13499	0.431358	0.529971
24.2845	0.959457	1.10597	0.447566	0.51591
24.3159	0.994202	1.07583	0.463316	0.501354
24.3473	1.028	1.04459	0.478594	0.486319
24.3788	1.06082	1.0123	0.493386	0.470819
24.4102	1.09262	0.97897	0.507676	0.45487
24.4416	1.12337	0.944644	0.521451	0.438488
24.473	1.15305	0.909352	0.534699	0.42169
24.5044	1.18162	0.873128	0.547407	0.404492
24.5358	1.20905	0.836007	0.559562	0.386913
24.5673	1.23531	0.798023	0.571153	0.36897
24.5987	1.26038	0.759215	0.58217	0.350681
24.6301	1.28424	0.719619	0.592602	0.332063
24.6615	1.30684	0.679273	0.60244	0.313137
24.6929	1.32818	0.638217	0.611674	0.293921
24.7243	1.34823	0.596491	0.620295	0.274434
24.7558	1.36697	0.554135	0.628297	0.254695
24.7872	1.38438	0.511191	0.635671	0.234725
24.8186	1.40044	0.467699	0.642411	0.214543
24.85	1.41513	0.423703	0.648511	0.19417
24.8814	1.42845	0.379245	0.653965	0.173625
24.9128	1.44036	0.334369	0.65877	0.152929
24.9442	1.45086	0.289119	0.66292	0.132102
24.9757	1.45995	0.243539	0.666412	0.111167
25.0071	1.4676	0.197673	0.669244	0.0901416
25.0385	1.47381	0.151567	0.671413	0.0690485
25.0699	1.47857	0.105266	0.672919	0.0479081
25.1013	1.48188	0.0588155	0.673759	0.0267414
25.1327	1.48372	0.012261	0.673934	0.00556914
25.1642	1.48411	-0.0343516	0.673444	-0.0155877
25.1956	1.48303	-0.0809763	0.672291	-0.0367084
25.227	1.48049	-0.127567	0.670476	-0.057772
25.2584	1.47648	-0.174078	0.668001	-0.0787579
25.2898	1.47101	-0.220463	0.664871	-0.0996454
25.3212	1.46408	-0.266676	0.661088	-0.120414
25.3527	1.45571	-0.312672	0.656657	-0.141044
25.3841	1.44588	-0.358404	0.651583	-0.161514
25.4155	1.43462	-0.403828	0.645871	-0.181804
25.4469	1.42194	-0.448898	0.639529	-0.201896
25.4783	1.40783	-0.493569	0.632562	-0.221768
25.5097	1.39233	-0.537798	0.624978	-0.241402
25.5411	1.37543	-0.581539	0.616785	-0.260779
25.5726	1.35716	-0.624749	0.607992	-0.27988
25.604	1.33754	-0.667386	0.598609	-0.298686
25.6354	1.31657	-0.709406	0.588645	-0.317179
25.6668	1.29428	-0.750767	0.578109	-0.335341
25.6982	1.2707	-0.791428	0.567015	-0.353154
25.7296	1.24583	-0.831348	0.555372	-0.370601
25.7611	1.21972	-0.870487	0.543193	-0.387666
25.7925	1.19237	-0.908806	0.530491	-0.404332
25.8239	1.16382	-0.946265	0.517278	-0.420583
25.8553	1.13409	-0.982828	0.503568	-0.436403
25.8867	1.10321	-1.01846	0.489375	-0.451777
25.9181	1.07122	-1.05311	0.474713	-0.466691
25.9496	1.03813	-1.08677	0.459598	-0.481129
25.981	1.00399	-1.11938	0.444045	-0.495079
26.0124	0.968825	-1.15092	0.428069	-0.508528
26.0438	0.932668	-1.18136	0.411687	-0.521461
26.0752	0.895554	-1.21066	0.394915	-0.533868
26.1066	0.85752	-1.2388	0.37777	-0.545736
26.1381	0.818602	-1.26573	0.36027	-0.557054
26.1695	0.778838	-1.29145	0.342431	-0.567812
26.2009	0.738266	-1.31592	0.324273	-0.577999
26.2323	0.696925	-1.33911	0.305813	-0.587606
26.2637	0.654856	-1.36101	0.287069	-0.596625
26.2951	0.612098	-1.38158	0.268061	-0.605046
26.3265	0.568695	-1.40081	0.248807	-0.612863
26.358	0.524687	-1.41868	0.229327	-0.620067
26.3894	0.480118	-1.43516	0.20964	-0.626653
26.4208	0.435031	-1.45024	0.189766	-0.632615
26.4522	0.38947	-1.46391	0.169725	-0.637947
26.4836	0.34348	-1.47615	0.149535	-0.642645
26.515	0.297106	-1.48694	0.129218	-0.646704
26.5465	0.250392	-1.49627	0.108794	-0.650122
26.5779	0.203386	-1.50414	0.0882829	-0.652896
26.6093	0.156132	-1.51053	0.0677048	-0.655023
26.6407	0.108677	-1.51543	0.0470802	-0.656502
26.6721	0.0610685	-1.51885	0.0264295	-0.657332
26.7035	0.0133525	-1.52076	0.00577306	-0.657514
26.735	-0.0344237	-1.52118	-0.0148687	-0.657046
26.7664	-0.0822131	-1.5201	-0.0354754	-0.655932
26.7978	-0.129968	-1.51752	-0.0560268	-0.654172
26.8292	-0.177643	-1.51344	-0.0765027	-0.651768
26.8606	-0.225189	-1.50786	-0.096883	-0.648725
26.892	-0.272559	-1.50078	-0.117148	-0.645044
26.9234	-0.319708	-1.49222	-0.137277	-0.640732
26.9549	-0.366587	-1.48217	-0.157251	-0.635792
26.9863	-0.413151	-1.47066	-0.17705	-0.630229
27.0177	-0.459353	-1.45768	-0.196655	-0.624051
27.0491	-0.505147	-1.44325	-0.216047	-0.617264
27.0805	-0.550488	-1.42738	-0.235207	-0.609875
27.1119	-0.595331	-1.41008	-0.254116	-0.601891
27.1434	-0.63963	-1.39138	-0.272756	-0.593323
27.1748	-0.683341	-1.37129	-0.291108	-0.584177
27.2062	-0.726422	-1.34982	-0.309155	-0.574465
27.2376	-0.768827	-1.327	-0.32688	-0.564195
27.269	-0.810516	-1.30284	-0.344265	-0.55338
27.3004	-0.851446	-1.27738	-0.361294	-0.54203
27.3319	-0.891576	-1.25063	-0.377949	-0.530156
27.3633	-0.930866	-1.22262	-0.394215	-0.517771
27.3947	-0.969276	-1.19338	-0.410077	-0.504889
27.4261	-1.00677	-1.16293	-0.425518	-0.49152
27.4575	-1.0433	-1.1313	-0.440525	-0.477681
27.4889	-1.07884	-1.09852	-0.455083	-0.463384
27.5204	-1.11335	-1.06463	-0.469177	-0.448645
27.5518	-1.1468	-1.02965	-0.482795	-0.433477
27.5832	-1.17915	-0.993624	-0.495924	-0.417897
27.6146	-1.21036	-0.95658	-0.508551	-0.401921
27.646	-1.24041	-0.918556	-0.520664	-0.385563
27.6774	-1.26927	-0.879587	-0.532251	-0.368842
27.7088	-1.2969	-0.839712	-0.543302	-0.351774
27.7403	-1.32329	-0.798968	-0.553807	-0.334376
27.7717	-1.34839	-0.757396	-0.563755	-0.316665
27.8031	-1.37218	-0.715035	-0.573138	-0.298659
27.8345	-1.39464	-0.671927	-0.581946	-0.280377
27.8659	-1.41575	-0.628113	-0.590172	-0.261836
27.8973	-1.43549	-0.583636	-0.597808	-0.243055
27.9288	-1.45382	-0.538539	-0.604847	-0.224053
27.9602	-1.47074	-0.492865	-0.611282	-0.204849
27.9916	-1.48622	-0.446661	-0.617109	-0.185462
28.023	-1.50026	-0.39997	-0.622321	-0.165911
28.0544	-1.51282	-0.352838	-0.626915	-0.146216
28.0858	-1.52391	-0.305311	-0.630885	-0.126397
28.1173	-1.5335	-0.257436	-0.63423	-0.106472
28.1487	-1.54158	-0.20926	-0.636947	-0.0864613
28.1801	-1.54816	-0.16083	-0.639032	-0.0663855
28.2115	-1.55321	-0.112193	-0.640486	-0.0462641
28.2429	-1.55674	-0.0633972	-0.641306	-0.0261168
28.2743	-1.55873	-0.0144909	-0.641493	-0.00596374
28.3057	-1.55918	0.0344779	-0.641048	0.0141754
28.3372	-1.5581	0.0834611	-0.639971	0.0342807
28.3686	-1.55548	0.13241	-0.638264	0.0543323
28.4	-1.55132	0.181277	-0.63593	0.0743106
28.4314	-1.54562	0.230013	-0.63297	0.094196
28.4628	-1.5384	0.27857	-0.62939	0.113969
28.4942	-1.52965	0.3269	-0.625192	0.13361
28.5257	-1.51938	0.374956	-0.620383	0.1531
28.5571	-1.5076	0.422688	-0.614966	0.172419
28.5885	-1.49432	0.470051	-0.608948	0.19155
28.6199	-1.47955	0.516996	-0.602336	0.210473
28.6513	-1.46331	0.563478	-0.595136	0.22917
28.6827	-1.44561	0.609449	-0.587357	0.247622
28.7142	-1.42646	0.654864	-0.579006	0.265812
28.7456	-1.40589	0.699677	-0.570093	0.283722
28.777	-1.38391	0.743845	-0.560626	0.301335
28.8084	-1.36054	0.787321	-0.550616	0.318633
28.8398	-1.3358	0.830064	-0.540073	0.3356
28.8712	-1.30972	0.872029	-0.529008	0.352219
28.9027	-1.28233	0.913175	-0.517432	0.368475
28.9341	-1.25364	0.953461	-0.505357	0.384351
28.9655	-1.22369	0.992845	-0.492796	0.399833
28.9969	-1.1925	1.03129	-0.479761	0.414905
29.0283	-1.1601	1.06875	-0.466266	0.429553
29.0597	-1.12652	1.1052	-0.452325	0.443763
29.0911	-1.0918	1.14059	-0.437952	0.457522
29.1226	-1.05597	1.17489	-0.423161	0.470816
29.154	-1.01906	1.20806	-0.407967	0.483633
29.1854	-0.981105	1.24008	-0.392386	0.49596
29.2168	-0.942147	1.2709	-0.376433	0.507786
29.2482	-0.902221	1.3005	-0.360125	0.519099
29.2796	-0.861364	1.32884	-0.343478	0.52989
29.3111	-0.819618	1.3559	-0.326509	0.540148
29.3425	-0.777021	1.38165	-0.309235	0.549863
29.3739	-0.733615	1.40606	-0.291672	0.559026
29.4053	-0.689442	1.42911	-0.27384	0.567629
29.4367	-0.644545	1.45077	-0.255755	0.575663
29.4681	-0.598968	1.47102	-0.237435	0.583123
29.4996	-0.552755	1.48983	-0.2189	0.59
29.531	-0.50595	1.5072	-0.200167	0.596288
29.5624	-0.4586	1.5231	-0.181255	0.601982
29.5938	-0.41075	1.5375	-0.162183	0.607077
29.6252	-0.362448	1.55041	-0.14297	0.611569
29.6566	-0.313741	1.56179	-0.123635	0.615453
29.6881	-0.264676	1.57165	-0.104197	0.618727
29.7195	-0.215301	1.57996	-0.084676	0.621387
29.7509	-0.165665	1.58673	-0.0650903	0.623432
29.7823	-0.115816	1.59193	-0.0454598	0.62486
29.8137	-0.0658042	1.59557	-0.0258038	0.62567
29.8451	-0.0156779	1.59764	-0.0061417	0.625863
29.8765	0.0345134	1.59813	0.0135071	0.625439
29.908	0.0847202	1.59705	0.0331231	0.624398
29.9394	0.134893	1.59439	0.0526872	0.622743
29.9708	0.184982	1.59015	0.07218	0.620476
30.0022	0.234938	1.58434	0.0915824	0.617598
30.0336	0.284711	1.57696	0.110875	0.614115
30.065	0.334253	1.56801	0.13004	0.61003
30.0965	0.383513	1.55751	0.149058	0.605347
30.1279	0.432444	1.54546	0.167909	0.600072
30.1593	0.480996	1.53188	0.186577	0.594211
30.1907	0.529121	1.51677	0.205042	0.587769
30.2221	0.576772	1.50014	0.223287	0.580754
30.2535	0.6239	1.48202	0.241294	0.573174
30.285	0.67046	1.46242	0.259045	0.565036
30.3164	0.716403	1.44136	0.276523	0.556348
30.3478	0.761685	1.41885	0.293712	0.547121
30.3792	0.806259	1.39492	0.310594	0.537364
30.4106	0.850082	1.36959	0.327152	0.527086
30.442	0.893109	1.34289	0.343372	0.516298
30.4734	0.935297	1.31483	0.359238	0.505013
30.5049	0.976604	1.28545	0.374733	0.49324
30.5363	1.01699	1.25477	0.389844	0.480993
30.5677	1.05641	1.22282	0.404556	0.468283
30.5991	1.09482	1.18963	0.418854	0.455125
30.6305	1.1322	1.15523	0.432725	0.44153
30.6619	1.16849	1.11966	0.446156	0.427514
30.6934	1.20366	1.08296	0.459133	0.41309
30.7248	1.23769	1.04514	0.471645	0.398272
30.7562	1.27052	1.00626	0.48368	0.383077
30.7876	1.30213	0.966344	0.495226	0.367519
30.819	1.33249	0.925436	0.506272	0.351614
30.8504	1.36156	0.883575	0.516809	0.335378
30.8819	1.38932	0.8408	0.526825	0.318827
30.9133	1.41574	0.797153	0.536312	0.301979
30.9447	1.44078	0.752676	0.545261	0.284849
30.9761	1.46443	0.707413	0.553663	0.267455
31.0075	1.48665	0.661406	0.561511	0.249815
31.0389	1.50743	0.614702	0.568798	0.231945
31.0704	1.52674	0.567345	0.575517	0.213865
31.1018	1.54456	0.519381	0.581661	0.195591
31.1332	1.56088	0.470857	0.587226	0.177143
31.1646	1.57567	0.42182	0.592207	0.158538
31.196	1.58893	0.372319	0.596599	0.139796
31.2274	1.60062	0.322401	0.600398	0.120934
31.2588	1.61075	0.272116	0.603602	0.101971
31.2903	1.6193	0.221513	0.606207	0.0829264
31.3217	1.62626	0.170641	0.608212	0.0638189
31.3531	1.63162	0.119551	0.609615	0.0446672
31.3845	1.63538	0.0682919	0.610416	0.0254905
31.4159	1.63752	0.0169151	0.610614	0.00630745
31.4473	1.63805	-0.0345292	0.61021	-0.0128629
31.4788	1.63697	-0.0859901	0.609205	-0.0320016
31.5102	1.63427	-0.137417	0.6076	-0.0510899
31.5416	1.62995	-0.188759	0.605397	-0.070109
31.573	1.62402	-0.239965	0.6026	-0.0890402
31.6044	1.61648	-0.290985	0.599211	-0.107865
31.6358	1.60734	-0.341769	0.595235	-0.126565
31.6673	1.5966	-0.392265	0.590676	-0.145121
31.6987	1.58428	-0.442423	0.585539	-0.163517
31.7301	1.57038	-0.492195	0.579829	-0.181733
31.7615	1.55492	-0.54153	0.573554	-0.199751
31.7929	1.5379	-0.590379	0.566719	-0.217555
31.8243	1.51936	-0.638694	0.559333	-0.235127
31.8557	1.49929	-0.686426	0.551402	-0.25245
31.8872	1.47773	-0.733527	0.542935	-0.269507
31.9186	1.45468	-0.779951	0.533941	-0.286281
31.95	1.43018	-0.825652	0.52443	-0.302757
31.9814	1.40424	-0.870582	0.514411	-0.318917
32.0128	1.37689	-0.914698	0.503894	-0.334748
32.0442	1.34815	-0.957954	0.492891	-0.350232
32.0757	1.31806	-1.00031	0.481413	-0.365356
32.1071	1.28663	-1.04172	0.469472	-0.380105
32.1385	1.25391	-1.08214	0.457079	-0.394465
32.1699	1.21991	-1.12153	0.444249	-0.408421
32.2013	1.18468	-1.15985	0.430992	-0.421961
32.2327	1.14824	-1.19707	0.417324	-0.435072
32.2642	1.11063	-1.23314	0.403258	-0.447741
32.2956	1.07189	-1.26804	0.388808	-0.459955
32.327	1.03206	-1.30171	0.373989	-0.471705
32.3584	0.991161	-1.33413	0.358816	-0.482977
32.3898	0.949248	-1.36527	0.343304	-0.493762
32.4212	0.906357	-1.39509	0.327469	-0.50405
32.4527	0.862529	-1.42357	0.311326	-0.513831
32.4841	0.817806	-1.45066	0.294893	-0.523095
32.5155	0.772232	-1.47636	0.278185	-0.531834
32.5469	0.725851	-1.50062	0.261219	-0.540041
32.5783	0.678708	-1.52342	0.244012	-0.547707
32.6097	0.630848	-1.54474	0.226582	-0.554825
32.6411	0.582318	-1.56456	0.208945	-0.561389
32.6726	0.533166	-1.58285	0.19112	-0.567393
32.704	0.483439	-1.5996	0.173124	-0.572832
32.7354	0.433186	-1.61479	0.154975	-0.577701
32.7668	0.382456	-1.6284	0.136691	-0.581995
32.7982	0.331298	-1.64042	0.11829	-0.585711
32.8296	0.279763	-1.65082	0.099791	-0.588846
32.8611	0.227901	-1.65961	0.0812117	-0.591398
32.8925	0.175763	-1.66677	0.0625707	-0.593363
32.9239	0.123399	-1.6723	0.0438863	-0.594742
32.9553	0.0708627	-1.67617	0.0251771	-0.595533
32.9867	0.0182042	-1.6784	0.00646147	-0.595736
33.0181	-0.0345242	-1.67897	-0.012242	-0.595351
33.0496	-0.0872706	-1.67789	-0.0309151	-0.59438
33.081	-0.139983	-1.67514	-0.0495392	-0.592824
33.1124	-0.192609	-1.67075	-0.0680961	-0.590685
33.1438	-0.245097	-1.6647	-0.0865675	-0.587965
33.1752	-0.297395	-1.657	-0.104935	-0.584668
33.2066	-0.349451	-1.64765	-0.123182	-0.580799
33.2381	-0.401214	-1.63667	-0.141289	-0.57636
33.2695	-0.452631	-1.62407	-0.159238	-0.571357
33.3009	-0.503653	-1.60985	-0.177013	-0.565796
33.3323	-0.554228	-1.59403	-0.194596	-0.559683
33.3637	-0.604306	-1.57662	-0.21197	-0.553024
33.3951	-0.653836	-1.55763	-0.229118	-0.545826
33.4265	-0.702771	-1.53709	-0.246022	-0.538097
33.458	-0.75106	-1.51501	-0.262668	-0.529845
33.4894	-0.798655	-1.49142	-0.279038	-0.521078
33.5208	-0.84551	-1.46633	-0.295117	-0.511807
33.5522	-0.891576	-1.43976	-0.310889	-0.50204
33.5836	-0.936807	-1.41175	-0.326339	-0.491788
33.615	-0.981159	-1.38232	-0.341452	-0.481061
33.6465	-1.02459	-1.3515	-0.356213	-0.46987
33.6779	-1.06704	-1.31931	-0.370609	-0.458227
33.7093	-1.10849	-1.28579	-0.384625	-0.446144
33.7407	-1.14889	-1.25096	-0.398248	-0.433632
33.7721	-1.18819	-1.21487	-0.411465	-0.420706
33.8035	-1.22635	-1.17754	-0.424263	-0.407377
33.835	-1.26335	-1.13902	-0.43663	-0.39366
33.8664	-1.29913	-1.09933	-0.448555	-0.379568
33.8978	-1.33367	-1.05851	-0.460025	-0.365116
33.9292	-1.36692	-1.01661	-0.471031	-0.350318
33.9606	-1.39886	-0.973672	-0.481561	-0.33519
33.992	-1.42945	-0.929725	-0.491606	-0.319745
34.0234	-1.45865	-0.884818	-0.501157	-0.304001
34.0549	-1.48645	-0.838993	-0.510204	-0.287972
34.0863	-1.51281	-0.792295	-0.518739	-0.271676
34.1177	-1.5377	-0.744768	-0.526754	-0.255127
34.1491	-1.5611	-0.69646	-0.534241	-0.238344
34.1805	-1.58298	-0.647417	-0.541195	-0.221342
34.2119	-1.60332	-0.597686	-0.547608	-0.204138
34.2434	-1.62209	-0.547316	-0.553475	-0.18675
34.2748	-1.63929	-0.496357	-0.558791	-0.169195
34.3062	-1.65488	-0.444857	-0.56355	-0.151491
34.3376	-1.66886	-0.392867	-0.567749	-0.133654
34.369	-1.6812	-0.340439	-0.571384	-0.115704
34.4004	-1.6919	-0.287622	-0.574452	-0.0976568
34.4319	-1.70093	-0.23447	-0.57695	-0.0795314
34.4633	-1.7083	-0.181034	-0.578877	-0.0613454
34.4947	-1.71398	-0.127366	-0.580232	-0.0431169
34.5261	-1.71799	-0.0735194	-0.581013	-0.0248638
34.5575	-1.7203	-0.0195473	-0.58122	-0.00660425
34.5889	-1.72091	0.0344974	-0.580855	0.0116438
34.6204	-1.71983	0.0885614	-0.579917	0.0298625
34.6518	-1.71704	0.142591	-0.578408	0.0480337
34.6832	-1.71256	0.196534	-0.57633	0.0661396
34.7146	-1.70639	0.250336	-0.573686	0.0841625
34.746	-1.69852	0.303943	-0.570479	0.102085
34.7774	-1.68898	0.357304	-0.566712	0.119888
34.8088	-1.67775	0.410365	-0.562391	0.137556
34.8403	-1.66486	0.463073	-0.557519	0.155071
34.8717	-1.65031	0.515376	-0.552102	0.172416
34.9031	-1.63412	0.567222	-0.546147	0.189574
34.9345	-1.6163	0.61856	-0.539658	0.206528
34.9659	-1.59687	0.669337	-0.532645	0.223261
34.9973	-1.57584	0.719504	-0.525112	0.239758
35.0288	-1.55324	0.769011	-0.51707	0.256002
35.0602	-1.52908	0.817807	-0.508525	0.271978
35.0916	-1.50338	0.865844	-0.499488	0.28767
35.123	-1.47618	0.913075	-0.489967	0.303063
35.1544	-1.4475	0.95945	-0.479972	0.318142
35.1858	-1.41736	1.00492	-0.469514	0.332892
35.2173	-1.38579	1.04945	-0.458603	0.347299
35.2487	-1.35282	1.09299	-0.447251	0.36135
35.2801	-1.31848	1.13549	-0.435469	0.375031
35.3115	-1.28281	1.17691	-0.42327	0.388328
35.3429	-1.24583	1.21721	-0.410665	0.40123
35.3743	-1.20759	1.25635	-0.397667	0.413723
35.4057	-1.16812	1.29429	-0.38429	0.425795
35.4372	-1.12746	1.33098	-0.370548	0.437437
35.4686	-1.08565	1.3664	-0.356454	0.448635
35.5	-1.04272	1.40051	-0.342022	0.45938
35.5314	-0.998723	1.43327	-0.327267	0.469661
35.5628	-0.953696	1.46465	-0.312204	0.479469
35.5942	-0.907683	1.49461	-0.296848	0.488795
35.6257	-0.860728	1.52312	-0.281214	0.49763
35.6571	-0.812878	1.55016	-0.265319	0.505965
35.6885	-0.764178	1.5757	-0.249178	0.513793
35.7199	-0.714676	1.59971	-0.232807	0.521107
35.7513	-0.66442	1.62216	-0.216222	0.5279
35.7827	-0.613458	1.64303	-0.199441	0.534165
35.8142	-0.561841	1.66231	-0.18248	0.539898
35.8456	-0.509618	1.67996	-0.165355	0.545093
35.877	-0.45684	1.69597	-0.148084	0.549745
35.9084	-0.40356	1.71032	-0.130684	0.553851
35.9398	-0.349829	1.723	-0.113173	0.557406
35.9712	-0.295699	1.73399	-0.0955673	0.560409
36.0027	-0.241225	1.74328	-0.0778847	0.562855
36.0341	-0.186458	1.75085	-0.0601427	0.564745
36.0655	-0.131453	1.75671	-0.0423589	0.566076
36.0969	-0.0762645	1.76084	-0.0245509	0.566847
36.1283	-0.020946	1.76324	-0.00673624	0.567058
36.1597	0.0344478	1.7639	0.0110675	0.566711
36.1911	0.0898622	1.76281	0.0288428	0.565805
36.2226	0.145243	1.75999	0.0465721	0.564342
36.254	0.200534	1.75543	0.064238	0.562323
36.2854	0.255683	1.74913	0.0818232	0.559753
36.3168	0.310633	1.7411	0.0993103	0.556633
36.3482	0.365331	1.73134	0.116682	0.552967
36.3796	0.419723	1.71986	0.133922	0.54876
36.4111	0.473754	1.70667	0.151013	0.544016
36.4425	0.527371	1.69179	0.167938	0.53874
36.4739	0.58052	1.67522	0.184681	0.532938
36.5053	0.633148	1.65698	0.201225	0.526616
36.5367	0.685204	1.63709	0.217554	0.519782
36.5681	0.736635	1.61557	0.233653	0.512441
36.5996	0.787389	1.59243	0.249506	0.504603
36.631	0.837417	1.56769	0.265096	0.496274
36.6624	0.886667	1.54138	0.280411	0.487465
36.6938	0.935091	1.51352	0.295433	0.478184
36.7252	0.98264	1.48415	0.31015	0.46844
36.7566	1.02927	1.45328	0.324546	0.458244
36.788	1.07492	1.42094	0.338608	0.447607
36.8195	1.11956	1.38717	0.352322	0.436538
36.8509	1.16314	1.352	0.365675	0.42505
36.8823	1.20562	1.31546	0.378655	0.413154
36.9137	1.24694	1.27758	0.391249	0.400863
36.9451	1.28708	1.23841	0.403444	0.388188
36.9765	1.32598	1.19798	0.415229	0.375143
37.008	1.36362	1.15632	0.426594	0.361742
37.0394	1.39995	1.11348	0.437526	0.347996
37.0708	1.43493	1.0695	0.448017	0.333921
37.1022	1.46853	1.02442	0.458055	0.319531
37.1336	1.50071	0.978283	0.467632	0.30484
37.165	1.53144	0.931137	0.476738	0.289863
37.1965	1.5607	0.883025	0.485366	0.274615
37.2279	1.58844	0.833995	0.493506	0.259111
37.2593	1.61464	0.784092	0.501151	0.243367
37.2907	1.63927	0.733367	0.508295	0.227398
37.3221	1.66231	0.681868	0.514931	0.211221
37.3535	1.68373	0.629645	0.521052	0.194852
37.385	1.70351	0.576749	0.526654	0.178306
37.4164	1.72163	0.523231	0.531731	0.161602
37.4478	1.73807	0.469145	0.536279	0.144754
37.4792	1.75281	0.414542	0.540293	0.12778
37.5106	1.76583	0.359476	0.543771	0.110697
37.542	1.77712	0.304	0.546709	0.0935216
37.5734	1.78668	0.24817	0.549105	0.076271
37.6049	1.79447	0.19204	0.550957	0.0589622
37.6363	1.8005	0.135665	0.552264	0.0416123
37.6677	1.80477	0.0791008	0.553026	0.0242385
37.6991	1.80725	0.0224023	0.553241	0.00685787
37.7305	1.80796	-0.0343741	0.552911	-0.0105123
37.7619	1.80688	-0.0911728	0.552036	-0.0278551
37.7934	1.80401	-0.147937	0.550617	-0.0451532
37.8248	1.79936	-0.204612	0.548657	-0.0623898
37.8562	1.79294	-0.261141	0.546158	-0.0795479
37.8876	1.78473	-0.317468	0.543123	-0.0966106
37.919	1.77476	-0.373537	0.539556	-0.113561
37.9504	1.76302	-0.429292	0.535459	-0.130383
37.9819	1.74954	-0.484679	0.530839	-0.14706
38.0133	1.73431	-0.539643	0.525701	-0.163575
38.0447	1.71736	-0.594128	0.520048	-0.179913
38.0761	1.69869	-0.64808	0.513889	-0.196057
38.1075	1.67833	-0.701446	0.507229	-0.211993
38.1389	1.6563	-0.754172	0.500076	-0.227703
38.1704	1.6326	-0.806206	0.492436	-0.243173
38.2018	1.60727	-0.857496	0.484319	-0.258389
38.2332	1.58034	-0.90799	0.475732	-0.273334
38.2646	1.55181	-0.957638	0.466684	-0.287995
38.296	1.52172	-1.00639	0.457185	-0.302358
38.3274	1.49011	-1.0542	0.447245	-0.316409
38.3588	1.45699	-1.10101	0.436873	-0.330134
38.3903	1.4224	-1.14678	0.426081	-0.343519
38.4217	1.38637	-1.19147	0.41488	-0.356553
38.4531	1.34894	-1.23502	0.40328	-0.369223
38.4845	1.31014	-1.2774	0.391295	-0.381516
38.5159	1.27001	-1.31856	0.378935	-0.39342
38.5473	1.22859	-1.35846	0.366214	-0.404925
38.5788	1.18591	-1.39706	0.353144	-0.416019
38.6102	1.14202	-1.43431	0.339739	-0.426693
38.6416	1.09696	-1.47019	0.326013	-0.436935
38.673	1.05077	-1.50465	0.311978	-0.446736
38.7044	1.0035	-1.53766	0.29765	-0.456087
38.7358	0.955197	-1.56919	0.283042	-0.464979
38.7673	0.905899	-1.5992	0.26817	-0.473404
38.7987	0.855659	-1.62766	0.253047	-0.481353
38.8301	0.804525	-1.65454	0.237691	-0.488821
38.8615	0.752546	-1.67981	0.222115	-0.495798
38.8929	0.699773	-1.70345	0.206335	-0.502281
38.9243	0.646257	-1.72544	0.190368	-0.508261
38.9557	0.592051	-1.74574	0.174228	-0.513735
38.9872	0.537207	-1.76434	0.157933	-0.518696
39.0186	0.481779	-1.78122	0.141498	-0.523142
39.05	0.42582	-1.79635	0.12494	-0.527067
39.0814	0.369386	-1.80973	0.108274	-0.530468
39.1128	0.312531	-1.82134	0.0915189	-0.533343
39.1442	0.255313	-1.83115	0.0746897	-0.53569
39.1757	0.197785	-1.83918	0.0578035	-0.537506
39.2071	0.140006	-1.84539	0.0408769	-0.53879
39.2385	0.0820312	-1.84979	0.0239267	-0.539542
39.2699	0.0239184	-1.85236	0.00696958	-0.539761
39.3013	-0.0342754	-1.85312	-0.00997765	-0.539447
39.3327	-0.0924927	-1.85204	-0.0268983	-0.538602
39.3642	-0.150676	-1.84913	-0.0437758	-0.537227
39.3956	-0.208768	-1.8444	-0.0605935	-0.535323
39.427	-0.266712	-1.83784	-0.0773349	-0.532894
39.4584	-0.324449	-1.82946	-0.0939834	-0.529941
39.4898	-0.381924	-1.81927	-0.110523	-0.526469
39.5212	-0.439078	-1.80727	-0.126937	-0.522481
39.5527	-0.495855	-1.79348	-0.14321	-0.517982
39.5841	-0.552198	-1.7779	-0.159326	-0.512977
39.6155	-0.608053	-1.76055	-0.175268	-0.507471
39.6469	-0.663362	-1.74145	-0.191022	-0.501469
39.6783	-0.718071	-1.72061	-0.206573	-0.49498
39.7097	-0.772126	-1.69805	-0.221904	-0.488008
39.7411	-0.825472	-1.67379	-0.237001	-0.480563
39.7726	-0.878055	-1.64786	-0.25185	-0.472651
39.804	-0.929824	-1.62027	-0.266436	-0.46428
39.8354	-0.980727	-1.59106	-0.280745	-0.45546
39.8668	-1.03071	-1.56025	-0.294762	-0.4462
39.8982	-1.07973	-1.52787	-0.308476	-0.436509
39.9296	-1.12773	-1.49395	-0.321871	-0.426397
39.9611	-1.17466	-1.45852	-0.334936	-0.415875
39.9925	-1.22048	-1.42162	-0.347658	-0.404953
40.0239	-1.26514	-1.38328	-0.360025	-0.393642
40.0553	-1.3086	-1.34353	-0.372025	-0.381955
40.0867	-1.35081	-1.30242	-0.383645	-0.369902
40.1181	-1.39173	-1.25998	-0.394876	-0.357497
40.1496	-1.43131	-1.21626	-0.405707	-0.344751
40.181	-1.46952	-1.1713	-0.416127	-0.331678
40.2124	-1.50632	-1.12513	-0.426127	-0.318291
40.2438	-1.54166	-1.07781	-0.435696	-0.304603
40.2752	-1.57552	-1.02937	-0.444826	-0.290629
40.3066	-1.60786	-0.979877	-0.453509	-0.276381
40.338	-1.63865	-0.929365	-0.461736	-0.261875
40.3695	-1.66784	-0.877885	-0.4695	-0.247126
40.4009	-1.69542	-0.825488	-0.476793	-0.232147
40.4323	-1.72136	-0.772225	-0.483609	-0.216954
40.4637	-1.74562	-0.718147	-0.489941	-0.201562
40.4951	-1.76818	-0.663307	-0.495784	-0.185986
40.5265	-1.78902	-0.607758	-0.501132	-0.170243
40.558	-1.80811	-0.551554	-0.505981	-0.154347
40.5894	-1.82544	-0.494751	-0.510326	-0.138314
40.6208	-1.84098	-0.437403	-0.514164	-0.122162
40.6522	-1.85472	-0.379567	-0.517491	-0.105904
40.6836	-1.86665	-0.321299	-0.520305	-0.0895582
40.715	-1.87674	-0.262657	-0.522603	-0.0731402
40.7465	-1.88499	-0.203697	-0.524383	-0.0566662
40.7779	-1.89139	-0.144478	-0.525644	-0.0401526
40.8093	-1.89593	-0.0850585	-0.526386	-0.0236157
40.8407	-1.8986	-0.0254962	-0.526608	-0.00707178
40.8721	-1.8994	0.0341502	-0.526311	0.00946277
40.9035	-1.89833	0.0938217	-0.525495	0.0259717
40.935	-1.89538	0.153459	-0.524162	0.0424387
40.9664	-1.89056	0.213005	-0.522313	0.0588477
40.9978	-1.88387	0.272398	-0.519951	0.0751824
41.0292	-1.87531	0.331582	-0.517079	0.0914269
41.0606	-1.8649	0.390497	-0.5137	0.107565
41.092	-1.85263	0.449084	-0.509817	0.123582
41.1234	-1.83852	0.507286	-0.505436	0.13946
41.1549	-1.82258	0.565045	-0.500561	0.155186
41.1863	-1.80483	0.622303	-0.495197	0.170743
41.2177	-1.78528	0.679003	-0.48935	0.186116
41.2491	-1.76395	0.73509	-0.483026	0.201291
41.2805	-1.74086	0.790506	-0.476232	0.216252
41.3119	-1.71602	0.845196	-0.468975	0.230986
41.3434	-1.68947	0.899107	-0.461264	0.245477
41.3748	-1.66122	0.952183	-0.453105	0.259711
41.4062	-1.63131	1.00437	-0.444507	0.273676
41.4376	-1.59976	1.05562	-0.435479	0.287357
41.469	-1.56659	1.10588	-0.426031	0.300741
41.5004	-1.53185	1.15509	-0.416172	0.313816
41.5319	-1.49556	1.20322	-0.405913	0.326568
41.5633	-1.45776	1.2502	-0.395263	0.338985
41.5947	-1.41848	1.296	-0.384235	0.351056
41.6261	-1.37777	1.34056	-0.372838	0.362769
41.6575	-1.33565	1.38385	-0.361085	0.374113
41.6889	-1.29218	1.42581	-0.348987	0.385077
41.7204	-1.24739	1.4664	-0.336557	0.39565
41.7518	-1.20132	1.50559	-0.323808	0.405823
41.7832	-1.15402	1.54333	-0.310752	0.415586
41.8146	-1.10553	1.57959	-0.297403	0.424929
41.846	-1.05591	1.61432	-0.283773	0.433844
41.8774	-1.00519	1.64749	-0.269877	0.442322
41.9088	-0.953437	1.67907	-0.255729	0.450356
41.9403	-0.900687	1.70902	-0.241342	0.457938
41.9717	-0.846997	1.73732	-0.226732	0.465061
42.0031	-0.792417	1.76393	-0.211912	0.471719
42.0345	-0.737002	1.78882	-0.196899	0.477904
42.0659	-0.680804	1.81198	-0.181705	0.483613
42.0973	-0.623879	1.83336	-0.166348	0.488839
42.1288	-0.566283	1.85296	-0.150842	0.493578
42.1602	-0.50807	1.87075	-0.135202	0.497825
42.1916	-0.449299	1.88671	-0.119445	0.501578
42.223	-0.390026	1.90083	-0.103585	0.504832
42.2544	-0.330309	1.91308	-0.0876387	0.507585
42.2858	-0.270208	1.92346	-0.0716218	0.509835
42.3173	-0.209781	1.93195	-0.05555	0.51158
42.3487	-0.149087	1.93854	-0.0394393	0.512819
42.3801	-0.0881859	1.94322	-0.0233056	0.513551
42.4115	-0.0271378	1.94599	-0.00716486	0.513776
42.4429	0.0339974	1.94685	0.00896706	0.513495
42.4743	0.0951594	1.94578	0.0250742	0.512707
42.5057	0.156288	1.94279	0.0411408	0.511415
42.5372	0.217322	1.93788	0.0571509	0.509619
42.5686	0.278203	1.93105	0.073089	0.507323
42.6	0.338868	1.92231	0.0889392	0.504529
42.6314	0.399259	1.91167	0.104686	0.50124
42.6628	0.459316	1.89912	0.120314	0.49746
42.6942	0.518979	1.88469	0.135808	0.493194
42.7257	0.578188	1.86839	0.151153	0.488445
42.7571	0.636885	1.85022	0.166334	0.48322
42.7885	0.695012	1.83022	0.181336	0.477523
42.8199	0.75251	1.80838	0.196144	0.471361
42.8513	0.809322	1.78474	0.210744	0.46474
42.8827	0.865391	1.75931	0.225123	0.457667
42.9142	0.920661	1.73213	0.239264	0.450151
42.9456	0.975078	1.7032	0.253156	0.442198
42.977	1.02859	1.67257	0.266785	0.433816
43.0084	1.08113	1.64026	0.280137	0.425016
43.0398	1.13266	1.60629	0.2932	0.415804
43.0712	1.18312	1.57071	0.305961	0.406192
43.1027	1.23247	1.53354	0.318408	0.396189
43.1341	1.28065	1.49482	0.330528	0.385805
43.1655	1.32761	1.45459	0.342311	0.375051
43.1969	1.37331	1.41288	0.353744	0.363938
43.2283	1.41769	1.36974	0.364818	0.352477
43.2597	1.46072	1.3252	0.375521	0.34068
43.2911	1.50236	1.27931	0.385842	0.328558
43.3226	1.54255	1.23211	0.395774	0.316125
43.354	1.58125	1.18365	0.405305	0.303392
43.3854	1.61844	1.13397	0.414427	0.290372
43.4168	1.65407	1.08313	0.423132	0.277079
43.4482	1.68809	1.03116	0.431411	0.263526
43.4796	1.72049	0.978131	0.439256	0.249726
43.5111	1.75122	0.924081	0.446661	0.235694
43.5425	1.78025	0.869064	0.453618	0.221443
43.5739	1.80755	0.813136	0.460121	0.206988
43.6053	1.8331	0.75635	0.466163	0.192343
43.6367	1.85686	0.698762	0.47174	0.177523
43.6681	1.87881	0.640427	0.476847	0.162542
43.6996	1.89893	0.581403	0.481478	0.147416
43.731	1.91719	0.521746	0.48563	0.13216
43.7624	1.93358	0.461516	0.489299	0.116788
43.7938	1.94808	0.40077	0.492482	0.101316
43.8252	1.96067	0.339569	0.495176	0.0857596
43.8566	1.97134	0.277973	0.497379	0.0701339
43.888	1.98008	0.216041	0.49909	0.0544546
43.9195	1.98686	0.153836	0.500307	0.038737
43.9509	1.9917	0.0914165	0.501029	0.0229967
43.9823	1.99457	0.0288455	0.501257	0.0072492
44.0137	1.99547	-0.0338157	0.50099	-0.00848988
44.0451	1.99441	-0.0965053	0.50023	-0.0242051
44.0765	1.99138	-0.159162	0.498977	-0.0398809
44.108	1.98638	-0.221723	0.497233	-0.0555019
44.1394	1.97941	-0.284127	0.495001	-0.0710529
44.1708	1.97049	-0.346312	0.492283	-0.0865184
44.2022	1.95961	-0.408216	0.489082	-0.101883
44.2336	1.94678	-0.469779	0.485403	-0.117133
44.265	1.93202	-0.530939	0.481248	-0.132252
44.2965	1.91534	-0.591636	0.476623	-0.147225
44.3279	1.89676	-0.651808	0.471532	-0.162039
44.3593	1.87628	-0.711396	0.465981	-0.176678
44.3907	1.85393	-0.770341	0.459977	-0.191129
44.4221	1.82973	-0.828584	0.453525	-0.205376
44.4535	1.8037	-0.886067	0.446632	-0.219408
44.485	1.77586	-0.942732	0.439305	-0.233209
44.5164	1.74625	-0.998522	0.431553	-0.246767
44.5478	1.71488	-1.05338	0.423383	-0.260068
44.5792	1.68178	-1.10726	0.414803	-0.273099
44.6106	1.647	-1.16009	0.405823	-0.285848
44.642	1.61055	-1.21183	0.396451	-0.298303
44.6734	1.57248	-1.26243	0.386698	-0.310452
44.7049	1.53282	-1.31183	0.376574	-0.322282
44.7363	1.49161	-1.35999	0.366087	-0.333783
44.7677	1.44888	-1.40685	0.355251	-0.344944
44.7991	1.40469	-1.45236	0.344074	-0.355753
44.8305	1.35906	-1.49649	0.33257	-0.366201
44.8619	1.31205	-1.53919	0.320749	-0.376278
44.8934	1.26369	-1.58041	0.308623	-0.385973
44.9248	1.21404	-1.62011	0.296205	-0.395279
44.9562	1.16314	-1.65825	0.283507	-0.404186
44.9876	1.11105	-1.69479	0.270542	-0.412685
45.019	1.0578	-1.7297	0.257323	-0.420769
45.0504	1.00346	-1.76293	0.243864	-0.42843
45.0819	0.94808	-1.79445	0.230177	-0.435661
45.1133	0.891706	-1.82424	0.216277	-0.442456
45.1447	0.834396	-1.85225	0.202177	-0.448808
45.1761	0.776206	-1.87846	0.187892	-0.45471
45.2075	0.717192	-1.90285	0.173436	-0.460159
45.2389	0.657412	-1.92538	0.158823	-0.465149
45.2704	0.596925	-1.94603	0.144068	-0.469675
45.3018	0.535788	-1.96479	0.129185	-0.473733
45.3332	0.474062	-1.98162	0.114189	-0.47732
45.3646	0.411808	-1.99651	0.099096	-0.480434
45.396	0.349086	-2.00945	0.0839199	-0.48307
45.4274	0.285957	-2.02042	0.0686761	-0.485228
45.4588	0.222484	-2.0294	0.0533795	-0.486904
45.4903	0.158728	-2.03639	0.0380454	-0.4881
45.5217	0.0947533	-2.04138	0.0226889	-0.488813
45.5531	0.0306216	-2.04435	0.00732518	-0.489043
45.5845	-0.0336037	-2.04531	-0.00803062	-0.48879
45.6159	-0.0978591	-2.04426	-0.0233634	-0.488056
45.6473	-0.162081	-2.04118	-0.038658	-0.486842
45.6788	-0.226207	-2.03609	-0.0538993	-0.485149
45.7102	-0.290173	-2.02899	-0.0690726	-0.482979
45.7416	-0.353915	-2.01987	-0.0841627	-0.480335
45.773	-0.417371	-2.00875	-0.099155	-0.47722
45.8044	-0.480478	-1.99564	-0.114035	-0.473637
45.8358	-0.543173	-1.98054	-0.128787	-0.469591
45.8673	-0.605394	-1.96348	-0.143399	-0.465086
45.8987	-0.667078	-1.94446	-0.157854	-0.460127
45.9301	-0.728165	-1.9235	-0.172139	-0.454719
45.9615	-0.788594	-1.90063	-0.186241	-0.448868
45.9929	-0.848304	-1.87585	-0.200145	-0.44258
46.0243	-0.907236	-1.8492	-0.213838	-0.435862
46.0557	-0.96533	-1.8207	-0.227307	-0.428721
46.0872	-1.02253	-1.79038	-0.240538	-0.421165
46.1186	-1.07878	-1.75825	-0.253519	-0.4132
46.15	-1.13401	-1.72436	-0.266237	-0.404836
46.1814	-1.18819	-1.68874	-0.278681	-0.396081
46.2128	-1.24124	-1.65141	-0.290837	-0.386944
46.2442	-1.29312	-1.61241	-0.302694	-0.377435
46.2757	-1.34377	-1.57179	-0.314241	-0.367563
46.3071	-1.39315	-1.52957	-0.325468	-0.357338
46.3385	-1.44121	-1.4858	-0.336362	-0.346771
46.3699	-1.48788	-1.44053	-0.346913	-0.335872
46.4013	-1.53314	-1.39378	-0.357113	-0.324653
46.4327	-1.57693	-1.34562	-0.36695	-0.313125
46.4642	-1.6192	-1.29608	-0.376415	-0.301299
46.4956	-1.65992	-1.24521	-0.385501	-0.289189
46.527	-1.69904	-1.19306	-0.394197	-0.276804
46.5584	-1.73652	-1.13969	-0.402495	-0.26416
46.5898	-1.77232	-1.08513	-0.410389	-0.251267
46.6212	-1.80641	-1.02945	-0.417871	-0.238139
46.6527	-1.83875	-0.972702	-0.424933	-0.22479
46.6841	-1.86931	-0.914936	-0.431569	-0.211231
46.7155	-1.89806	-0.85621	-0.437773	-0.197478
46.7469	-1.92496	-0.796581	-0.443539	-0.183544
46.7783	-1.94998	-0.736106	-0.448862	-0.169443
46.8097	-1.97311	-0.674846	-0.453737	-0.155188
46.8411	-1.99431	-0.612859	-0.458161	-0.140795
46.8726	-2.01356	-0.550206	-0.462128	-0.126276
46.904	-2.03085	-0.486948	-0.465635	-0.111648
46.9354	-2.04614	-0.423147	-0.46868	-0.0969241
46.9668	-2.05944	-0.358866	-0.47126	-0.082119
46.9982	-2.07071	-0.294166	-0.473373	-0.0672476
47.0296	-2.07995	-0.229113	-0.475016	-0.0523245
47.0611	-2.08715	-0.16377	-0.47619	-0.0373646
47.0925	-2.0923	-0.0981998	-0.476893	-0.0223825
47.1239	-2.09538	-0.0324684	-0.477126	-0.00739316
47.1553	-2.0964	0.03336	-0.476887	0.0075887
47.1867	-2.09535	0.0992203	-0.476179	0.0225483
47.2181	-2.09224	0.165048	-0.475002	0.0374709
47.2496	-2.08705	0.230777	-0.473357	0.0523419
47.281	-2.0798	0.296344	-0.471248	0.0671466
47.3124	-2.07049	0.361683	-0.468676	0.0818705
47.3438	-2.05913	0.426729	-0.465644	0.0964991
47.3752	-2.04572	0.491419	-0.462157	0.111018
47.4066	-2.03028	0.555687	-0.458217	0.125413
47.438	-2.01283	0.61947	-0.453829	0.139671
47.4695	-1.99336	0.682705	-0.448998	0.153777
47.5009	-1.97192	0.745328	-0.443729	0.167717
47.5323	-1.9485	0.807278	-0.438027	0.181478
47.5637	-1.92314	0.868492	-0.4319	0.195046
47.5951	-1.89586	0.928909	-0.425352	0.208409
47.6265	-1.86667	0.988469	-0.418392	0.221553
47.658	-1.83562	1.04711	-0.411026	0.234466
47.6894	-1.80272	1.10478	-0.403262	0.247135
47.7208	-1.76802	1.16141	-0.395108	0.259548
47.7522	-1.73153	1.21696	-0.386573	0.271692
47.7836	-1.6933	1.27136	-0.377665	0.283557
47.815	-1.65336	1.32455	-0.368393	0.29513
47.8465	-1.61174	1.37649	-0.358767	0.306401
47.8779	-1.5685	1.42713	-0.348797	0.317359
47.9093	-1.52367	1.4764	-0.338493	0.327993
47.9407	-1.47728	1.52427	-0.327865	0.338293
47.9721	-1.4294	1.57068	-0.316924	0.34825
48.0035	-1.38005	1.61559	-0.305682	0.357853
48.035	-1.3293	1.65894	-0.294149	0.367094
48.0664	-1.27718	1.7007	-0.282338	0.375964
48.0978	-1.22375	1.74083	-0.27026	0.384454
48.1292	-1.16906	1.77927	-0.257927	0.392557
48.1606	-1.11316	1.816	-0.245353	0.400265
48.192	-1.05611	1.85097	-0.232549	0.407571
48.2234	-0.997962	1.88415	-0.219528	0.414468
48.2549	-0.93877	1.9155	-0.206303	0.420949
48.2863	-0.878593	1.94499	-0.192888	0.427009
48.3177	-0.817489	1.9726	-0.179296	0.432641
48.3491	-0.755518	1.99828	-0.165541	0.437842
48.3805	-0.69274	2.02201	-0.151636	0.442606
48.4119	-0.629217	2.04378	-0.137596	0.446929
48.4434	-0.56501	2.06354	-0.123433	0.450806
48.4748	-0.500181	2.08129	-0.109163	0.454236
48.5062	-0.434796	2.09701	-0.0947992	0.457214
48.5376	-0.368916	2.11067	-0.080356	0.459739
48.569	-0.302607	2.12226	-0.0658479	0.461807
48.6004	-0.235935	2.13176	-0.0512892	0.463418
48.6319	-0.168963	2.13918	-0.0366943	0.464571
48.6633	-0.101759	2.14448	-0.0220776	0.465265
48.6947	-0.0343882	2.14768	-0.00745348	0.465499
48.7261	0.0330832	2.14876	0.00716354	0.465274
48.7575	0.100589	2.14772	0.0217591	0.46459
48.7889	0.168061	2.14456	0.0363188	0.463449
48.8203	0.235435	2.13928	0.0508283	0.461853
48.8518	0.302642	2.13189	0.0652734	0.459802
48.8832	0.369617	2.12238	0.0796399	0.4573
48.9146	0.436294	2.11077	0.0939137	0.45435
48.946	0.502606	2.09706	0.108081	0.450954
48.9774	0.568487	2.08127	0.122127	0.447117
49.0088	0.633872	2.06341	0.13604	0.442844
49.0403	0.698696	2.0435	0.149804	0.438137
49.0717	0.762894	2.02155	0.163408	0.433004
49.1031	0.826403	1.99758	0.176836	0.427448
49.1345	0.889159	1.97162	0.190077	0.421477
49.1659	0.951099	1.94368	0.203118	0.415096
49.1973	1.01216	1.9138	0.215945	0.408312
49.2288	1.07229	1.88201	0.228547	0.401132
49.2602	1.13141	1.84832	0.240911	0.393563
49.2916	1.18948	1.81278	0.253026	0.385614
49.323	1.24643	1.77541	0.264879	0.377293
49.3544	1.3022	1.73625	0.276459	0.368607
49.3858	1.35675	1.69534	0.287755	0.359567
49.4173	1.41001	1.65272	0.298756	0.350182
49.4487	1.46193	1.60842	0.309452	0.34046
49.4801	1.51246	1.56249	0.319832	0.330412
49.5115	1.56155	1.51498	0.329887	0.320048
49.5429	1.60914	1.46592	0.339607	0.309379
49.5743	1.6552	1.41537	0.348982	0.298416
49.6057	1.69966	1.36337	0.358003	0.287169
49.6372	1.74249	1.30997	0.366663	0.27565
49.6686	1.78365	1.25523	0.374953	0.26387
49.7	1.82308	1.19919	0.382865	0.251842
49.7314	1.86075	1.14192	0.390391	0.239578
49.7628	1.89663	1.08346	0.397525	0.227089
49.7942	1.93067	1.02388	0.404261	0.214389
49.8257	1.96283	0.963223	0.410591	0.20149
49.8571	1.99309	0.901559	0.416509	0.188405
49.8885	2.02142	0.838944	0.422012	0.175147
49.9199	2.04777	0.77544	0.427093	0.161729
49.9513	2.07213	0.711107	0.431747	0.148165
49.9827	2.09447	0.646009	0.435972	0.134469
50.0142	2.11477	0.580209	0.439762	0.120653
50.0456	2.133	0.513772	0.443115	0.106733
50.077	2.14914	0.446762	0.446028	0.0927202
50.1084	2.16317	0.379245	0.448499	0.0786302
50.1398	2.17509	0.311287	0.450524	0.0644766
50.1712	2.18487	0.242954	0.452104	0.0502733
50.2027	2.1925	0.174315	0.453236	0.0360345
50.2341	2.19798	0.105435	0.45392	0.0217742
50.2655	2.20129	0.0363838	0.454156	0.00750646
50.2969	2.20243	-0.0327717	0.453943	-0.00675459
50.3283	2.2014	-0.101963	0.453284	-0.0209949
50.3597	2.1982	-0.171122	0.452178	-0.0352005
50.3911	2.19282	-0.240181	0.450627	-0.0493574
50.4226	2.18528	-0.30907	0.448634	-0.0634516
50.454	2.17557	-0.377723	0.4462	-0.0774694
50.4854	2.1637	-0.44607	0.443329	-0.091397
50.5168	2.14969	-0.514045	0.440023	-0.105221
50.5482	2.13354	-0.581579	0.436287	-0.118927
50.5796	2.11527	-0.648606	0.432124	-0.132503
50.6111	2.09489	-0.715059	0.42754	-0.145934
50.6425	2.07243	-0.780872	0.422538	-0.159209
50.6739	2.04789	-0.845979	0.417125	-0.172313
50.7053	2.02132	-0.910316	0.411305	-0.185235
50.7367	1.99272	-0.973817	0.405086	-0.197961
50.7681	1.96212	-1.03642	0.398474	-0.210479
50.7996	1.92956	-1.09806	0.391475	-0.222778
50.831	1.89507	-1.15868	0.384097	-0.234844
50.8624	1.85867	-1.21822	0.376348	-0.246668
50.8938	1.8204	-1.27661	0.368235	-0.258236
50.9252	1.78029	-1.3338	0.359767	-0.269539
50.9566	1.73839	-1.38973	0.350953	-0.280564
50.988	1.69473	-1.44434	0.341802	-0.291302
51.0195	1.64935	-1.49758	0.332322	-0.301742
51.0509	1.6023	-1.5494	0.322524	-0.311875
51.0823	1.55363	-1.59974	0.312418	-0.32169
51.1137	1.50337	-1.64854	0.302014	-0.331178
51.1451	1.45158	-1.69577	0.291322	-0.34033
51.1765	1.39831	-1.74138	0.280354	-0.349137
51.208	1.3436	-1.78531	0.269119	-0.357592
51.2394	1.28751	-1.82752	0.257631	-0.365686
51.2708	1.2301	-1.86796	0.2459	-0.373411
51.3022	1.17142	-1.90661	0.233938	-0.38076
51.3336	1.11152	-1.94341	0.221757	-0.387727
51.365	1.05046	-1.97833	0.20937	-0.394305
51.3965	0.988313	-2.01133	0.196788	-0.400487
51.4279	0.925125	-2.04238	0.184025	-0.406268
51.4593	0.860961	-2.07144	0.171093	-0.411643
51.4907	0.795885	-2.09849	0.158005	-0.416607
51.5221	0.729959	-2.12349	0.144774	-0.421155
51.5535	0.663248	-2.14643	0.131413	-0.425284
51.585	0.595816	-2.16726	0.117936	-0.428989
51.6164	0.527729	-2.18598	0.104356	-0.432267
51.6478	0.459054	-2.20256	0.0906862	-0.435116
51.6792	0.389859	-2.21698	0.0769407	-0.437533
51.7106	0.32021	-2.22923	0.0631329	-0.439517
51.742	0.250177	-2.23929	0.0492764	-0.441065
51.7734	0.179828	-2.24715	0.0353851	-0.442177
51.8049	0.109231	-2.2528	0.0214725	-0.442851
51.8363	0.0384575	-2.25623	0.00755245	-0.443088
51.8677	-0.0324241	-2.25744	-0.00636131	-0.442889
51.8991	-0.103344	-2.25642	-0.0202551	-0.442252
51.9305	-0.174231	-2.25317	-0.0341152	-0.44118
51.9619	-0.245017	-2.2477	-0.047928	-0.439675
51.9934	-0.31563	-2.24	-0.0616799	-0.437737
52.0248	-0.386002	-2.23009	-0.0753574	-0.43537
52.0562	-0.456062	-2.21796	-0.0889472	-0.432575
52.0876	-0.525742	-2.20363	-0.102436	-0.429357
52.119	-0.594971	-2.18712	-0.11581	-0.425719
52.1504	-0.663681	-2.16842	-0.129057	-0.421664
52.1819	-0.731804	-2.14757	-0.142164	-0.417198
52.2133	-0.799272	-2.12458	-0.155117	-0.412325
52.2447	-0.866018	-2.09947	-0.167905	-0.40705
52.2761	-0.931975	-2.07227	-0.180515	-0.401379
52.3075	-0.997077	-2.04299	-0.192934	-0.395318
52.3389	-1.06126	-2.01166	-0.205151	-0.388873
52.3703	-1.12446	-1.97832	-0.217153	-0.382051
52.4018	-1.18661	-1.943	-0.22893	-0.374859
52.4332	-1.24765	-1.90572	-0.240469	-0.367304
52.4646	-1.30752	-1.86652	-0.25176	-0.359395
52.496	-1.36616	-1.82545	-0.262791	-0.351139
52.5274	-1.42351	-1.78253	-0.273553	-0.342545
52.5588	-1.47951	-1.73781	-0.284034	-0.333622
52.5903	-1.5341	-1.69133	-0.294224	-0.324379
52.6217	-1.58724	-1.64313	-0.304115	-0.314825
52.6531	-1.63886	-1.59327	-0.313696	-0.30497
52.6845	-1.68891	-1.54178	-0.322958	-0.294824
52.7159	-1.73735	-1.48872	-0.331893	-0.284397
52.7473	-1.78412	-1.43414	-0.340491	-0.2737
52.7788	-1.82917	-1.37809	-0.348745	-0.262744
52.8102	-1.87246	-1.32063	-0.356648	-0.251539
52.8416	-1.91395	-1.2618	-0.364191	-0.240098
52.873	-1.95359	-1.20167	-0.371367	-0.228431
52.9044	-1.99135	-1.1403	-0.37817	-0.216551
52.9358	-2.02717	-1.07774	-0.384594	-0.204468
52.9673	-2.06103	-1.01405	-0.390632	-0.192196
52.9987	-2.09288	-0.949305	-0.396279	-0.179747
53.0301	-2.12271	-0.883555	-0.401529	-0.167132
53.0615	-2.15047	-0.816868	-0.406379	-0.154366
53.0929	-2.17613	-0.749309	-0.410823	-0.141459
53.1243	-2.19967	-0.680944	-0.414857	-0.128426
53.1557	-2.22106	-0.611839	-0.418479	-0.115279
53.1872	-2.24028	-0.542063	-0.421684	-0.102031
53.2186	-2.25731	-0.471682	-0.424471	-0.0886963
53.25	-2.27213	-0.400767	-0.426836	-0.0752869
53.2814	-2.28472	-0.329385	-0.428778	-0.0618164
53.3128	-2.29507	-0.257609	-0.430296	-0.0482983
53.3442	-2.30316	-0.185507	-0.431387	-0.0347459
53.3757	-2.30899	-0.113151	-0.432052	-0.0211725
53.4071	-2.31254	-0.0406121	-0.432291	-0.00759173
53.4385	-2.31382	0.0320387	-0.432103	0.00598318
53.4699	-2.31281	0.104729	-0.431489	0.0195388
53.5013	-2.30952	0.177389	-0.43045	0.0330618
53.5327	-2.30395	0.249945	-0.428988	0.0465389
53.5642	-2.2961	0.322325	-0.427105	0.0599568
53.5956	-2.28597	0.394459	-0.424802	0.0733023
53.627	-2.27358	0.466275	-0.422082	0.0865624
53.6584	-2.25893	0.537702	-0.418949	0.0997241
53.6898	-2.24204	0.608668	-0.415407	0.112774
53.7212	-2.22292	0.679104	-0.411458	0.125701
53.7527	-2.20158	0.748939	-0.407107	0.13849
53.7841	-2.17805	0.818104	-0.402359	0.151131
53.8155	-2.15235	0.886529	-0.397219	0.16361
53.8469	-2.1245	0.954148	-0.391692	0.175915
53.8783	-2.09453	1.02089	-0.385785	0.188035
53.9097	-2.06245	1.08669	-0.379503	0.199958
53.9411	-2.02831	1.15149	-0.372853	0.211671
53.9726	-1.99214	1.21521	-0.365842	0.223164
54.004	-1.95396	1.27779	-0.358478	0.234426
54.0354	-1.91382	1.33918	-0.350767	0.245446
54.0668	-1.87175	1.3993	-0.342718	0.256213
54.0982	-1.82779	1.45811	-0.334338	0.266716
54.1296	-1.78198	1.51553	-0.325638	0.276946
54.1611	-1.73437	1.57151	-0.316625	0.286894
54.1925	-1.685	1.626	-0.307309	0.296548
54.2239	-1.63392	1.67893	-0.297698	0.3059
54.2553	-1.58117	1.73026	-0.287804	0.314942
54.2867	-1.52681	1.77994	-0.277636	0.323664
54.3181	-1.47089	1.8279	-0.267204	0.332059
54.3496	-1.41347	1.87411	-0.256519	0.340117
54.381	-1.35459	1.91852	-0.245592	0.347833
54.4124	-1.29432	1.96107	-0.234433	0.355198
54.4438	-1.23271	2.00174	-0.223054	0.362205
54.4752	-1.16982	2.04046	-0.211466	0.368849
54.5066	-1.10572	2.07721	-0.199681	0.375122
54.538	-1.04046	2.11195	-0.187711	0.381019
54.5695	-0.974115	2.14464	-0.175568	0.386535
54.6009	-0.906739	2.17524	-0.163263	0.391664
54.6323	-0.838402	2.20373	-0.15081	0.396401
54.6637	-0.76917	2.23007	-0.13822	0.400744
54.6951	-0.69911	2.25423	-0.125507	0.404687
54.7265	-0.628292	2.27619	-0.112682	0.408227
54.758	-0.556783	2.29593	-0.0997585	0.411361
54.7894	-0.484654	2.31342	-0.0867496	0.414086
54.8208	-0.411976	2.32865	-0.073668	0.4164
54.8522	-0.338819	2.34159	-0.0605266	0.418302
54.8836	-0.265256	2.35224	-0.0473385	0.419789
54.915	-0.191358	2.36057	-0.0341168	0.420861
54.9465	-0.117199	2.36658	-0.0208745	0.421517
54.9779	-0.0428502	2.37026	-0.00762462	0.421756
55.0093	0.0316138	2.37161	0.0056197	0.42158
55.0407	0.10612	2.37062	0.0188454	0.420988
55.0721	0.180595	2.36728	0.0320395	0.419981
55.1035	0.254966	2.36161	0.045189	0.418561
55.135	0.329158	2.3536	0.058281	0.41673
55.1664	0.403098	2.34326	0.0713026	0.41449
55.1978	0.476714	2.33059	0.084241	0.411844
55.2292	0.549932	2.31562	0.0970837	0.408794
55.2606	0.622679	2.29834	0.109818	0.405344
55.292	0.694883	2.27878	0.122431	0.401498
55.3234	0.766473	2.25695	0.134912	0.397259
55.3549	0.837378	2.23287	0.147247	0.392633
55.3863	0.907525	2.20656	0.159424	0.387625
55.4177	0.976846	2.17805	0.171433	0.382239
55.4491	1.04527	2.14736	0.18326	0.376482
55.4805	1.11273	2.11453	0.194895	0.370359
55.5119	1.17916	2.07957	0.206327	0.363877
55.5434	1.24449	2.04252	0.217544	0.357043
55.5748	1.30866	2.00343	0.228535	0.349863
55.6062	1.3716	1.96231	0.23929	0.342346
55.6376	1.43325	1.91922	0.249799	0.334498
55.669	1.49354	1.8742	0.26005	0.326328
55.7004	1.55242	1.82728	0.270036	0.317845
55.7319	1.60983	1.7785	0.279745	0.309056
55.7633	1.6657	1.72793	0.289169	0.299972
55.7947	1.71999	1.6756	0.298299	0.290601
55.8261	1.77263	1.62157	0.307125	0.280952
55.8575	1.82357	1.56588	0.31564	0.271036
55.8889	1.87276	1.50859	0.323835	0.260862
55.9203	1.92016	1.44975	0.331703	0.250441
55.9518	1.9657	1.38943	0.339236	0.239784
55.9832	2.00935	1.32768	0.346427	0.228901
56.0146	2.05106	1.26455	0.353269	0.217802
56.046	2.09079	1.20011	0.359757	0.2065
56.0774	2.12849	1.13443	0.365883	0.195006
56.1088	2.16413	1.06756	0.371643	0.18333
56.1403	2.19767	0.999572	0.37703	0.171486
56.1717	2.22907	0.930531	0.38204	0.159483
56.2031	2.25831	0.860502	0.386669	0.147336
56.2345	2.28534	0.789555	0.390912	0.135055
56.2659	2.31014	0.717759	0.394765	0.122653
56.2973	2.33269	0.645184	0.398225	0.110142
56.3288	2.35296	0.5719	0.40129	0.0975356
56.3602	2.37093	0.49798	0.403955	0.084845
56.3916	2.38657	0.423495	0.40622	0.0720832
56.423	2.39988	0.348518	0.408081	0.0592629
56.4544	2.41083	0.273124	0.409539	0.0463969
56.4858	2.41941	0.197386	0.410591	0.0334978
56.5173	2.42561	0.121378	0.411238	0.0205784
56.5487	2.42942	0.0451749	0.411478	0.0076514
56.5801	2.43084	-0.0311477	0.411313	-0.00527037
56.6115	2.42986	-0.107515	0.410742	-0.0181742
56.6429	2.42649	-0.183851	0.409766	-0.0310474
56.6743	2.42071	-0.260082	0.408388	-0.0438773
56.7057	2.41254	-0.33613	0.406608	-0.0566512
56.7372	2.40198	-0.411922	0.404429	-0.0693568
56.7686	2.38904	-0.487383	0.401854	-0.0819814
56.8	2.37373	-0.562437	0.398884	-0.0945127
56.8314	2.35606	-0.63701	0.395525	-0.106938
56.8628	2.33604	-0.711027	0.391779	-0.119247
56.8942	2.31371	-0.784416	0.38765	-0.131425
56.9257	2.28906	-0.857103	0.383143	-0.143462
56.9571	2.26214	-0.929017	0.378263	-0.155345
56.9885	2.23295	-1.00008	0.373014	-0.167064
57.0199	2.20153	-1.07023	0.367403	-0.178606
57.0513	2.16791	-1.1394	0.361435	-0.189961
57.0827	2.13212	-1.2075	0.355117	-0.201117
57.1142	2.09418	-1.27449	0.348455	-0.212064
57.1456	2.05414	-1.34028	0.341456	-0.222791
57.177	2.01204	-1.40481	0.334127	-0.233288
57.2084	1.9679	-1.46802	0.326475	-0.243545
57.2398	1.92178	-1.52984	0.31851	-0.253551
57.2712	1.87372	-1.59022	0.310238	-0.263298
57.3027	1.82376	-1.64908	0.301669	-0.272775
57.3341	1.77196	-1.70638	0.29281	-0.281974
57.3655	1.71835	-1.76205	0.283672	-0.290885
57.3969	1.66299	-1.81603	0.274263	-0.299502
57.4283	1.60594	-1.86827	0.264592	-0.307814
57.4597	1.54725	-1.91873	0.254671	-0.315815
57.4911	1.48697	-1.96733	0.244508	-0.323496
57.5226	1.42516	-2.01405	0.234114	-0.330851
57.554	1.36189	-2.05882	0.223499	-0.337873
57.5854	1.29721	-2.10161	0.212675	-0.344554
57.6168	1.23118	-2.14236	0.201651	-0.350889
57.6482	1.16388	-2.18104	0.19044	-0.356872
57.6796	1.09536	-2.2176	0.179052	-0.362497
57.7111	1.02569	-2.25201	0.167498	-0.367759
57.7425	0.954944	-2.28424	0.155791	-0.372653
57.7739	0.883183	-2.31424	0.143942	-0.377175
57.8053	0.810479	-2.34198	0.131962	-0.381321
57.8367	0.736903	-2.36745	0.119864	-0.385087
57.8681	0.662528	-2.3906	0.10766	-0.388469
57.8996	0.587425	-2.41141	0.0953618	-0.391465
57.931	0.511669	-2.42986	0.0829817	-0.394072
57.9624	0.435332	-2.44594	0.0705319	-0.396288
57.9938	0.358491	-2.45962	0.0580249	-0.398111
58.0252	0.28122	-2.47088	0.045473	-0.399539
58.0566	0.203595	-2.47971	0.0328887	-0.400572
58.088	0.125692	-2.48611	0.0202843	-0.40121
58.1195	0.0475888	-2.49006	0.00767234	-0.401451
58.1509	-0.0306386	-2.49155	-0.00493473	-0.401296
58.1823	-0.108913	-2.49059	-0.0175245	-0.400745
58.2137	-0.187157	-2.48717	-0.0300846	-0.3998
58.2451	-0.265294	-2.48129	-0.0426026	-0.398461
58.2765	-0.343246	-2.47295	-0.0550663	-0.396732
58.308	-0.420936	-2.46217	-0.0674634	-0.394612
58.3394	-0.498287	-2.44895	-0.0797818	-0.392106
58.3708	-0.575223	-2.43329	-0.0920093	-0.389215
58.4022	-0.651667	-2.41522	-0.104134	-0.385944
58.4336	-0.727544	-2.39475	-0.116144	-0.382295
58.465	-0.802777	-2.37189	-0.128028	-0.378273
58.4965	-0.877292	-2.34667	-0.139774	-0.373882
58.5279	-0.951015	-2.31911	-0.15137	-0.369126
58.5593	-1.02387	-2.28923	-0.162806	-0.364011
58.5907	-1.09579	-2.25707	-0.17407	-0.358543
58.6221	-1.1667	-2.22264	-0.185151	-0.352726
58.6535	-1.23652	-2.18599	-0.196039	-0.346567
58.685	-1.3052	-2.14714	-0.206723	-0.340073
58.7164	-1.37265	-2.10614	-0.217192	-0.33325
58.7478	-1.43882	-2.06302	-0.227437	-0.326105
58.7792	-1.50363	-2.01781	-0.237447	-0.318645
58.8106	-1.56702	-1.97058	-0.247214	-0.310879
58.842	-1.62893	-1.92135	-0.256727	-0.302813
58.8734	-1.68929	-1.87017	-0.265978	-0.294457
58.9049	-1.74805	-1.8171	-0.274957	-0.285819
58.9363	-1.80513	-1.76219	-0.283656	-0.276908
58.9677	-1.86049	-1.70548	-0.292067	-0.267732
58.9991	-1.91407	-1.64703	-0.300182	-0.258302
59.0305	-1.96581	-1.58689	-0.307993	-0.248626
59.0619	-2.01567	-1.52514	-0.315493	-0.238714
59.0934	-2.06358	-1.46181	-0.322673	-0.228577
59.1248	-2.10951	-1.39698	-0.329529	-0.218225
59.1562	-2.15339	-1.33071	-0.336053	-0.207668
59.1876	-2.1952	-1.26306	-0.34224	-0.196916
59.219	-2.23488	-1.1941	-0.348082	-0.18598
59.2504	-2.27239	-1.12388	-0.353576	-0.174872
59.2819	-2.3077	-1.0525	-0.358716	-0.163603
59.3133	-2.34076	-0.979997	-0.363497	-0.152184
59.3447	-2.37155	-0.90646	-0.367915	-0.140625
59.3761	-2.40003	-0.831955	-0.371965	-0.128939
59.4075	-2.42617	-0.756556	-0.375645	-0.117138
59.4389	-2.44993	-0.680336	-0.378951	-0.105233
59.4703	-2.47131	-0.603369	-0.381881	-0.093236
59.5018	-2.49026	-0.52573	-0.38443	-0.0811588
59.5332	-2.50678	-0.447496	-0.386598	-0.0690134
59.5646	-2.52084	-0.368744	-0.388383	-0.056812
59.596	-2.53242	-0.289549	-0.389783	-0.0445666
59.6274	-2.54152	-0.209991	-0.390798	-0.0322893
59.6588	-2.54812	-0.130147	-0.391426	-0.0199923
59.6903	-2.5522	-0.0500952	-0.391667	-0.00768773
59.7217	-2.55378	0.0300847	-0.391522	0.00461231
59.7531	-2.55283	0.110314	-0.390992	0.0168957
59.7845	-2.54937	0.190514	-0.390076	0.0291503
59.8159	-2.54338	0.270604	-0.388776	0.041364
59.8473	-2.53488	0.350507	-0.387095	0.053525
59.8788	-2.52387	0.430143	-0.385033	0.0656211
59.9102	-2.51036	0.509432	-0.382594	0.0776407
59.9416	-2.49435	0.588298	-0.37978	0.0895718
59.973	-2.47587	0.66666	-0.376594	0.101403
60.0044	-2.45493	0.744442	-0.373041	0.113122
60.0358	-2.43154	0.821565	-0.369122	0.124719
60.0673	-2.40573	0.897954	-0.364844	0.136181
60.0987	-2.37752	0.973533	-0.36021	0.147497
60.1301	-2.34693	1.04822	-0.355226	0.158657
60.1615	-2.314	1.12196	-0.349896	0.169649
60.1929	-2.27876	1.19465	-0.344227	0.180463
60.2243	-2.24122	1.26624	-0.338224	0.191089
60.2557	-2.20144	1.33665	-0.331893	0.201516
60.2872	-2.15945	1.40581	-0.325241	0.211733
60.3186	-2.11529	1.47365	-0.318275	0.221732
60.35	-2.06899	1.54011	-0.311002	0.231503
60.3814	-2.02061	1.60511	-0.30343	0.241035
60.4128	-1.97018	1.66859	-0.295566	0.250321
60.4442	-1.91776	1.73048	-0.287418	0.25935
60.4757	-1.8634	1.79073	-0.278995	0.268115
60.5071	-1.80714	1.84927	-0.270305	0.276607
60.5385	-1.74904	1.90604	-0.261357	0.284818
60.5699	-1.68916	1.96099	-0.252161	0.29274
60.6013	-1.62756	2.01406	-0.242725	0.300365
60.6327	-1.56428	2.06519	-0.233058	0.307687
60.6642	-1.4994	2.11433	-0.223172	0.314698
60.6956	-1.43298	2.16144	-0.213075	0.321392
60.727	-1.36508	2.20645	-0.202778	0.327762
60.7584	-1.29576	2.24934	-0.192291	0.333803
60.7898	-1.22509	2.29005	-0.181625	0.339509
60.8212	-1.15315	2.32853	-0.170791	0.344875
60.8526	-1.08	2.36476	-0.159798	0.349895
60.8841	-1.0057	2.39869	-0.148659	0.354565
60.9155	-0.930348	2.43029	-0.137385	0.358881
60.9469	-0.853998	2.45951	-0.125986	0.362839
60.9783	-0.77673	2.48634	-0.114474	0.366436
61.0097	-0.698619	2.51074	-0.102861	0.369667
61.0411	-0.619742	2.53269	-0.0911571	0.372531
61.0726	-0.540175	2.55216	-0.0793754	0.375024
61.104	-0.459997	2.56913	-0.067527	0.377146
61.1354	-0.379285	2.58358	-0.0556237	0.378893
61.1668	-0.298119	2.5955	-0.0436773	0.380266
61.1982	-0.216579	2.60486	-0.0316997	0.381261
61.2296	-0.134745	2.61167	-0.0197025	0.38188
61.2611	-0.052697	2.6159	-0.00769781	0.382122
61.2925	0.029484	2.61756	0.00430267	0.381987
61.3239	0.111717	2.61663	0.0162871	0.381475
61.3553	0.193921	2.61312	0.0282436	0.380588
61.3867	0.276014	2.60703	0.0401605	0.379326
61.4181	0.357917	2.59836	0.052026	0.377692
61.4496	0.439547	2.58711	0.0638286	0.375687
61.481	0.520823	2.57331	0.0755566	0.373313
61.5124	0.601666	2.55694	0.0871985	0.370574
61.5438	0.681995	2.53804	0.0987429	0.367472
61.5752	0.76173	2.51662	0.110179	0.36401
61.6066	0.840791	2.49269	0.121494	0.360193
61.638	0.919101	2.46627	0.132679	0.356025
61.6695	0.996582	2.4374	0.143722	0.35151
61.7009	1.07315	2.40609	0.154613	0.346653
61.7323	1.14874	2.37237	0.16534	0.341458
61.7637	1.22327	2.33628	0.175894	0.335932
61.7951	1.29667	2.29785	0.186263	0.330081
61.8265	1.36886	2.25712	0.196439	0.323909
61.858	1.43977	2.21411	0.206411	0.317425
61.8894	1.50933	2.16888	0.21617	0.310634
61.9208	1.57747	2.12147	0.225706	0.303543
61.9522	1.64411	2.07191	0.235011	0.29616
61.9836	1.7092	2.02026	0.244074	0.288492
62.015	1.77267	1.96656	0.252887	0.280547
62.0465	1.83445	1.91087	0.261443	0.272334
62.0779	1.89449	1.85324	0.269732	0.26386
62.1093	1.95271	1.79372	0.277748	0.255134
62.1407	2.00906	1.73238	0.285481	0.246166
62.1721	2.06348	1.66926	0.292926	0.236963
62.2035	2.11592	1.60443	0.300074	0.227536
62.235	2.16633	1.53796	0.306919	0.217894
62.2664	2.21465	1.4699	0.313455	0.208046
62.2978	2.26082	1.40033	0.319676	0.198003
62.3292	2.30482	1.3293	0.325575	0.187775
62.3606	2.34658	1.25689	0.331147	0.177372
62.392	2.38606	1.18317	0.336387	0.166804
62.4234	2.42323	1.10821	0.341291	0.156082
62.4549	2.45805	1.03209	0.345853	0.145217
62.4863	2.49047	0.954864	0.35007	0.134219
62.5177	2.52047	0.876623	0.353937	0.1231
62.5491	2.54801	0.79744	0.357451	0.11187
62.5805	2.57306	0.717392	0.36061	0.100541
62.6119	2.5956	0.636557	0.36341	0.0891242
62.6434	2.6156	0.555013	0.365849	0.0776308
62.6748	2.63304	0.472842	0.367924	0.0660721
62.7062	2.64789	0.390123	0.369635	0.0544596
62.7376	2.66015	0.306937	0.37098	0.042805
62.769	2.66979	0.223366	0.371958	0.0311196
62.8004	2.67681	0.139492	0.372568	0.019415
62.8319	2.68119	0.0553975	0.37281	0.00770283
